H.alpha H.beta S.II.6718 S.II.6733 H.gamma O.II O.III.5008 O.III.4960 N.II.6585 N.II.6550
3.33148 2.067 1.44231 1.15532 1.14995 2.0115 0.184125 -0.744458 2.17149 1.05734
3.96543 2.55159 2.33382 2.05502 1.66416 3.23478 2.04982 0.948191 3.03584 2.01231
2.10056 1.15192 1.17874 1.08947 0.34619 2.9072 2.22634 0.877381 2.11629 0.992064
3.59245 2.45448 2.25994 2.23948 1.49591 3.81838 4.49199 3.2718 3.36044 2.25231
2.04392 1.06202 0.833646 0.313489 0.0783675 2.05093 0.292428 -1.28322 1.06633 -0.378379
3.12149 1.68838 1.40199 1.16461 0.402891 2.43467 2.614 1.40596 2.66152 1.40281
3.15333 1.84319 1.60017 1.08079 1.39356 2.80374 1.18024 0.259341 1.73457 0.74872
3.09892 1.60344 1.73012 0.889018 0.914618 2.28422 1.4258 0.234944 2.43952 1.27412
3.00758 1.6499 1.48706 1.06559 0.313277 2.73536 1.06807 -0.599414 1.65854 0.454454
3.01595 1.83447 1.57344 0.99181 0.900296 2.80065 0.475725 -0.170663 1.6985 0.652486
3.30566 2.03872 1.56254 1.0341 1.44482 2.38921 0.849859 -1.07394 2.09234 0.781423
2.9828 1.86841 1.12541 0.151568 0.136005 1.94452 -0.0168204 -0.47594 1.88583 0.283344
3.47153 2.20697 1.71238 1.40823 1.31708 2.37282 0.265936 -0.648545 2.33845 1.13896
1.68426 0.885148 0.616605 0.193727 0.471814 2.18421 1.41577 -1.43429 1.0952 -0.760936
3.05068 1.72971 1.19572 1.08643 1.16117 2.0637 0.715202 -0.715416 1.72341 0.615868
4.28724 2.74853 2.44419 2.2002 1.89172 3.8257 3.22909 2.02958 2.19693 1.18774
0.434305 -0.386839 -1.12858 -1.28193 -0.121455 1.52862 0.166588 -1.3447 0.2093 -0.889579
3.53456 2.26032 1.76772 1.4906 1.33872 2.53926 1.01498 -0.536031 2.87851 1.85378
2.30486 1.03069 1.00748 0.514632 0.499264 2.30866 1.21889 0.351269 1.7536 0.532075
2.64673 1.51285 0.939091 0.621153 1.04915 2.07609 0.483259 -0.432162 1.7965 0.751622
2.62035 1.47918 0.758812 0.436191 0.831046 1.85158 0.387492 -0.288784 1.84612 0.557661
3.09579 1.84458 1.34151 0.729184 1.07727 2.56436 0.863803 -0.19566 1.94142 0.911489
3.28815 2.0064 1.50895 1.11562 1.26103 1.87174 0.522778 -0.196355 2.21531 1.12635
3.3261 2.28947 1.94282 1.40613 1.31693 2.50178 2.8137 1.38441 3.2425 2.4458
3.66085 2.08587 1.90549 1.74592 0.952626 2.47299 1.37083 -0.134207 3.12298 2.1832
3.30675 2.33309 1.06725 0.830051 1.10345 2.5463 0.999173 -0.485374 2.12095 1.04639
3.4608 2.11489 1.94521 1.43245 1.2105 2.87838 0.921355 -1.46881 2.10455 1.08305
2.89008 1.6682 2.05161 1.50521 0.681123 3.62092 2.91163 1.69904 2.49821 1.48968
4.02668 3.02639 2.87278 3.26457 2.36168 5.02463 5.08228 3.90691 4.09075 2.63629
4.02997 2.49755 2.49569 1.82686 1.55955 3.01326 1.47708 0.00511575 2.86513 1.70093
3.37987 1.81765 1.33084 1.13142 0.938023 2.07132 0.41036 -0.377555 2.32983 1.3456
2.83805 1.6786 1.09438 0.609694 0.843776 1.72378 0.855114 -0.557479 2.04479 0.407673
3.08367 1.71608 1.18087 0.936647 1.05398 1.9787 0.239007 -0.744773 2.02066 0.701628
4.6144 3.02182 2.84179 2.55897 2.06929 3.72006 2.97546 1.85438 3.57493 2.11092
4.61458 3.20169 2.76852 2.35273 2.1966 4.22591 3.9418 2.76825 2.38554 1.46486
1.69327 0.491938 0.766346 0.513573 0.00296249 2.33124 2.46946 1.30046 2.13328 0.929007
2.83278 1.44399 1.30044 0.495353 0.60208 2.8607 0.974081 -1.45457 1.61711 0.0602368
3.18831 2.32248 2.00856 2.01476 1.26085 3.64632 3.97265 2.74118 2.81781 1.88311
4.79617 3.26167 2.8308 2.656 2.3547 4.01642 3.34471 2.13565 3.46758 2.4241
2.89474 1.20678 0.749303 0.31563 0.684351 1.71959 -0.21767 -0.899126 1.76984 0.622161
3.29306 2.06459 1.45274 1.25523 1.39538 2.44955 1.20362 0.124528 2.0816 0.947095
1.81078 0.535502 -0.772054 0.079019 0.522671 1.44994 0.456746 -0.962784 1.26083 -0.261663
1.77424 0.462428 0.263528 -0.129536 -0.495193 2.00742 0.191032 -1.57799 1.85621 0.768224
3.24754 1.98156 1.27844 0.863316 1.15882 2.88884 0.215709 -0.654843 1.92462 0.829287
1.81984 -0.0666322 -0.00310234 -0.140136 -1.48672 1.72141 -0.942701 -1.87893 1.12295 -0.422426
4.11563 2.66754 2.33468 2.03965 1.67677 2.74837 1.2166 -0.232508 3.02803 1.89739
3.5991 2.2195 1.90353 1.70366 1.35235 2.77061 1.19488 -0.328524 2.25859 1.22631
2.11719 1.56334 0.640879 0.0652722 -0.20871 1.65101 0.820156 -1.54033 1.09047 -0.195796
2.76126 1.87899 1.44259 1.00356 1.33707 2.82238 1.18439 -0.421065 1.2776 -0.181289
3.36602 2.13732 1.72453 1.48474 1.42919 3.26655 2.44723 1.20377 1.27456 0.431621
2.07726 1.41707 0.579085 0.480717 0.548249 2.01115 0.143989 -0.957811 1.39678 0.178615
1.5719 1.62088 -0.16717 0.251594 0.604909 1.89408 -0.11685 -0.535943 1.22974 -0.336647
3.17032 2.69311 1.437 0.711771 1.16195 2.08969 0.454682 -0.322049 2.09766 0.781596
1.80023 1.79387 -0.011268 0.364904 -0.0679215 1.52283 -0.12939 -0.327835 0.918096 -0.122739
1.1859 0.0509053 -0.19127 -0.974934 -0.946282 1.14611 -0.414269 -1.7901 0.794718 -0.269455
4.23498 2.78925 2.52048 2.22891 1.78494 3.69596 2.91946 1.71769 2.73492 1.65439
3.99803 2.61634 2.17379 1.85158 1.96196 3.0521 1.47027 0.518269 2.7174 1.48978
4.10702 2.63775 2.16545 1.89761 1.83002 2.99079 1.31654 0.212901 3.06128 1.99009
2.01753 1.09631 1.25387 0.995287 0.277217 2.53828 2.28742 1.12125 2.16999 0.832999
0.868265 0.375204 1.41788 -0.165001 0.700608 2.71452 2.20117 0.834645 1.85314 0.75516
3.40347 1.95623 1.4324 1.45889 0.547929 2.39547 0.732805 0.289939 2.49727 1.54435
4.3195 2.933 2.69541 2.25273 1.84891 4.04144 3.19647 2.00684 2.6227 1.59187
3.62511 2.18253 2.07098 1.60559 1.31837 2.84013 2.18451 0.973093 3.28067 2.08132
4.13326 2.62824 2.281 1.95972 1.76267 2.67064 1.01958 -0.182047 3.27116 2.23756
3.00609 1.62504 1.13863 0.800292 0.847174 2.33799 0.581244 -0.725392 1.84119 0.571863
4.27277 2.7313 2.3469 2.12413 1.66995 3.36555 2.35451 1.1856 3.04508 1.82358
2.55052 1.36165 0.624549 0.185152 0.452571 1.9438 0.323196 -0.433031 1.42629 0.187022
4.67088 3.04095 2.93822 2.53851 1.86066 3.44876 2.79706 1.73472 3.17238 2.00503
4.09194 2.73864 2.19671 2.03961 1.82589 3.16764 1.55914 0.492592 2.97395 1.90183
3.21095 2.08164 1.69592 1.19293 1.13609 3.16352 1.66112 0.461548 1.49969 0.127666
5.81585 4.35764 3.28809 2.98796 3.43733 4.67007 5.87538 4.69196 3.32455 2.13199
3.58327 2.33144 1.79078 1.49462 1.6538 2.73677 1.31987 0.206426 2.49971 1.25599
4.16442 2.77108 1.67638 1.55181 1.81505 3.36678 3.92098 2.72512 3.01269 2.2314
3.73347 2.37165 1.62021 1.23565 1.46713 1.87943 0.503506 -0.674976 2.63257 1.50498
2.11196 0.796416 0.611253 -0.177808 0.418126 2.48245 0.552545 -0.498802 1.47824 -0.0380294
2.65669 1.64477 0.790776 0.202465 0.909697 1.74839 0.824244 -0.364092 1.71886 0.93603
2.13483 1.35665 0.499286 0.192328 0.226954 1.62996 0.110005 -0.473939 1.32464 0.433774
1.60729 0.541513 0.00408482 -0.461002 -0.0825609 1.12834 -0.279514 -0.94206 0.921058 -0.737956
1.57406 1.54636 1.35902 0.820138 0.732304 2.26107 0.606014 -0.789065 2.23902 -0.0911906
2.86495 1.48693 1.14812 1.08776 0.630706 2.15527 -0.278372 0.0207488 1.6322 0.438145
3.07347 1.42756 0.98401 0.643487 -0.312931 1.66453 -0.0858933 -1.79881 1.98942 0.688239
3.46899 2.1232 1.8801 1.5778 1.39703 2.50713 1.177 0.0204125 2.67199 1.64177
3.77631 2.62447 2.12683 1.72971 1.76625 2.9898 1.66732 0.536995 2.46482 1.45931
3.38403 2.08713 1.59616 1.28048 1.36207 2.38001 0.617015 -0.43996 2.13236 1.01373
2.1496 0.562081 -0.455952 -0.0252098 -0.0956574 1.04316 0.00484436 -0.908502 1.11015 -1.12824
1.16469 0.489174 0.414389 0.177696 -0.737752 2.69135 1.13721 -0.290756 1.39371 0.223118
3.54378 2.36056 1.60261 1.16571 1.48567 2.91443 2.21409 0.737496 2.37761 1.13991
2.45022 0.894695 0.413182 0.224155 -0.172451 1.91447 0.762812 -0.263205 1.87141 0.620264
0.959208 -0.0191994 -0.308569 -0.218212 -0.679101 1.12674 -0.243006 -1.15023 0.184417 -1.69566
2.42829 1.36887 1.53959 1.18994 -0.287629 3.03323 1.55592 -0.593195 2.07471 0.64508
3.4205 2.08358 1.28758 0.950569 1.17889 1.98674 0.307276 -0.922265 2.23745 1.1005
1.69326 0.18678 0.325132 -0.329495 -0.987704 1.62852 -0.238699 -1.51582 0.866365 -0.115407
4.08213 2.73445 2.23115 2.01721 1.78352 3.40001 2.02683 0.611397 2.89223 1.70485
3.53652 2.11756 1.44572 1.11383 1.30077 2.25132 0.544026 -0.644274 2.3514 1.14366
1.67012 0.628175 0.547049 0.271815 -0.636516 1.36598 -1.57081 -0.554316 1.2581 0.170352
3.8388 2.43956 1.92883 1.33571 1.64511 2.81088 1.36925 0.0872674 2.82095 1.73811
3.65529 2.31871 2.02878 1.60438 1.35944 2.62812 0.846202 -0.298225 2.46207 1.41968
3.58121 2.2793 1.4388 1.33961 1.49212 2.02951 0.918626 -0.131808 2.66705 1.44909
3.06778 2.36932 0.965769 0.198839 0.831872 1.52407 0.0785139 0.0531523 1.73997 0.665919
3.75096 2.76657 2.28272 2.20781 2.24052 3.71978 4.54806 3.25378 2.95367 2.47162
4.4626 3.07988 2.65589 2.32346 2.16321 3.98464 3.2187 2.05237 3.20232 2.04454
3.37517 2.05267 1.62322 1.209 1.22048 2.57919 1.04404 0.0702113 2.22318 1.11856
3.59489 2.20944 2.16189 1.5186 1.40701 2.7052 1.296 -0.0654972 2.65559 1.39662
4.28452 2.76169 2.17373 2.0477 1.72303 3.15293 2.21973 0.963251 3.51827 2.58908
3.2492 1.98911 1.52742 1.24654 1.09285 2.42195 1.12274 -0.290394 2.13938 0.92597
3.22534 1.95551 1.55875 1.00468 1.0031 2.89627 1.19935 0.10751 1.71687 0.893525
4.34889 2.77712 2.72732 2.2608 1.75942 3.70292 2.703 1.59052 3.10587 1.89291
2.24698 0.813084 0.0980023 -0.390192 0.506363 1.8163 0.0626583 -0.833757 1.63916 0.702607
3.04717 1.67098 1.01555 0.0514127 0.883261 1.45287 -0.282262 0.378667 1.8084 0.520182
1.50974 0.360903 -0.00311382 -0.141648 -0.491691 1.59636 -0.52201 -0.847164 0.969754 0.130765
2.26077 1.09602 0.195257 0.271625 0.72437 1.81848 0.978316 -0.497716 1.44115 0.302953
3.29307 1.94163 1.41547 1.19703 1.35153 2.70284 1.00837 -0.243823 2.10083 0.961009
3.53608 2.06882 1.61057 1.31189 1.07561 2.21869 0.707583 -0.229336 2.21455 1.41045
2.88074 1.84794 1.37194 1.29609 1.115 2.28617 0.801739 -1.85124 1.91165 0.863033
3.73593 2.44942 2.01233 1.57599 1.46572 2.60193 0.759747 -0.309493 2.60895 1.46197
3.38437 2.0612 1.86955 1.41888 1.30646 3.01963 1.14241 -0.26334 1.97388 1.02111
4.03181 2.61059 2.30433 1.77987 1.63524 3.09304 1.89267 0.392755 2.93712 1.825
2.98802 1.72946 1.09116 0.596009 1.22776 2.00919 -0.0380651 -0.843406 1.99715 0.787901
3.96549 2.53513 2.25087 1.8587 1.4644 3.10861 2.38563 1.24168 3.31617 2.06372
3.87876 2.5154 2.19959 1.83565 1.77994 3.19922 1.43975 0.195213 2.64312 1.45243
3.698 2.34011 1.84039 1.53549 1.32497 2.426 0.634586 -1.47129 2.52762 1.33744
3.75094 2.31327 1.94776 1.50445 1.47968 2.52012 1.10755 -0.0396554 2.66602 1.31137
2.08735 2.10011 -0.256107 -0.24716 -0.0206626 1.86625 0.509453 -0.640724 1.442 0.363018
2.67091 1.26156 0.607688 -0.0398479 0.891323 1.50013 -0.422799 -1.14316 1.45233 0.479813
1.64312 0.831633 0.743093 0.497479 0.188766 2.05684 2.78915 1.52778 1.71132 0.419599
4.41093 2.95848 2.89741 2.80083 1.95505 4.05881 3.40492 2.18428 2.9644 2.51889
4.23829 2.92018 2.54204 2.32422 2.00066 3.96769 4.22929 3.05003 3.19945 2.15562
3.048 1.72106 1.40955 0.718134 0.532268 2.32469 0.654724 -0.343906 1.9159 0.74507
3.62788 2.30463 1.92953 1.61389 1.72042 2.59573 0.945995 -0.0323789 2.34779 1.3618
2.75715 1.25242 1.21518 0.820493 1.39518 2.13204 0.374102 -1.0414 1.70904 0.417101
4.15693 2.55983 2.43151 2.07805 1.66065 3.62413 2.62473 1.40755 2.30882 1.02341
3.78135 2.38243 1.83593 1.44471 1.71066 2.50202 0.64982 -0.699667 2.87183 1.74101
4.0249 2.56466 1.78079 1.76314 1.65487 2.92268 2.82131 1.13275 3.31505 2.7371
4.14931 2.77751 2.27055 1.85688 1.82731 3.50446 2.37258 1.17983 2.78776 1.57879
2.67671 1.50954 1.28633 1.23259 0.657131 2.85053 1.69536 0.110635 2.3676 1.1013
3.3364 1.89223 1.50189 0.920627 0.946527 2.32975 1.29035 -0.426085 2.19064 1.25871
2.63618 1.66405 0.703085 0.720239 1.17723 1.73507 -0.0744672 0.927736 1.47273 0.465288
3.55403 2.26346 2.04028 1.63132 1.80294 3.03775 1.88623 0.533425 2.00645 1.24728
5.08133 3.60725 3.21643 2.88841 2.75384 4.37493 4.3139 3.15103 3.26161 2.33348
3.89543 2.63508 2.24932 1.83782 1.75564 3.32725 2.35869 1.18934 2.74966 1.71182
3.4222 2.14022 1.60643 1.14174 1.23601 2.18249 0.464902 -0.870074 2.28841 1.10552
-0.33718 -0.428161 -0.605489 -0.43701 -1.51883 1.23513 -0.0877255 -1.44181 0.0317477 -0.512841
1.29738 0.114439 0.657017 -0.264026 -0.0287526 1.6112 0.604998 -0.253836 1.17229 -0.376787
4.42692 2.92062 2.44171 2.0856 1.89059 3.82281 3.46037 2.29203 2.60099 1.48432
4.29443 2.74382 2.39972 2.10738 1.62164 3.17938 2.07214 0.979136 3.31152 2.37726
5.18046 3.68695 2.97193 2.79175 2.82138 4.64966 5.00076 3.83043 2.87172 1.80754
2.81145 1.6794 1.07505 0.558434 0.924313 2.579 0.725837 -0.431238 1.79264 0.574162
1.8033 0.862111 0.454372 0.647719 -0.212645 2.55779 0.892942 -0.707169 1.13249 -0.010093
3.82823 2.48676 1.63648 1.50343 1.6579 2.58122 1.34184 0.228481 2.7898 1.55806
3.1634 1.97845 1.52315 1.03498 0.969688 1.99746 0.236389 -1.16846 2.02434 0.899617
3.73562 2.42021 2.01296 1.70461 1.8427 3.56296 2.28093 1.17213 2.07177 0.987931
3.30467 1.99513 1.13044 1.06962 1.10102 2.21287 0.30012 -1.03642 1.98367 0.938824
3.79656 2.56964 2.3341 1.77279 1.70762 3.34707 2.06792 0.857511 2.39682 1.27765
-0.385637 -0.333812 -1.67949 -0.51462 -1.19155 1.08367 0.353738 -2.39878 -0.16577 -1.00247
4.34351 2.87741 2.56497 2.26751 1.76381 3.31801 1.88761 0.697327 3.45484 2.32983
3.45696 2.07486 1.49247 1.24632 1.16939 2.20266 1.07777 0.1916 2.58417 1.49815
1.68934 0.293139 0.311446 0.191874 -0.12421 1.53512 1.92215 0.566491 1.52046 -0.132107
3.63073 2.30975 1.46658 1.31768 1.36463 2.05507 0.23428 -0.252664 2.60638 1.53423
2.06025 0.824885 0.59578 -0.0139983 0.270832 2.45568 0.527047 0.135383 1.04197 -0.169881
3.63204 2.11405 1.34334 0.970541 1.04831 2.34831 0.798238 -0.0307175 2.49228 1.38204
2.70834 1.23693 0.996489 0.540557 0.602721 1.90656 0.979701 -0.348111 1.97265 0.550705
3.96056 2.50437 2.0102 1.83167 1.50993 2.62926 1.03283 -0.213681 3.07135 1.95849
3.25836 2.08105 1.34994 1.14334 1.05328 2.39063 0.874984 -0.359943 2.03803 0.514963
3.89128 2.95052 2.52269 2.22745 2.71893 3.86008 4.30076 3.14365 3.18383 2.57935
3.99585 2.53659 2.03874 1.71675 1.61963 2.59857 0.880096 -0.225368 2.87541 1.71643
3.51476 2.3331 1.81312 1.42564 1.40033 3.10486 1.35863 0.00267244 2.21243 1.15921
4.53639 3.13526 2.71982 2.41857 2.19095 3.94033 3.30163 2.17561 3.25256 2.12527
3.54427 2.16157 1.93627 1.71093 1.13547 2.90733 1.3956 -0.209223 2.68745 1.60387
4.24409 2.80033 2.15564 2.08767 1.7971 3.21512 2.20501 0.976821 3.46873 2.55732
2.29703 0.613373 0.239835 0.0877445 0.269134 1.68413 -0.000196476 -0.208478 1.27492 -1.33771
1.78751 0.940898 -0.432951 -0.0445891 0.411372 1.12813 -0.121525 -0.784645 0.843028 -0.266744
3.16365 1.84527 1.40821 1.33408 1.30619 2.67048 0.956271 -0.0718036 1.87592 0.546307
0.00396134 -0.812411 -0.480961 -0.858844 0.588602 1.02788 -0.318122 -1.82004 -0.335934 -1.94003
2.3661 1.26729 0.55633 0.347268 0.760396 1.81671 0.213919 -0.909307 1.38333 0.20186
3.24419 1.94822 1.54206 1.1546 0.957883 2.45084 1.2074 0.0136244 2.10925 1.02397
3.17071 1.88833 1.47043 1.06941 0.94077 2.18737 0.142458 -0.578308 2.10223 1.35401
3.03547 1.78534 1.22208 0.988688 1.19624 2.14542 0.347631 -0.50931 2.02209 0.720509
3.07747 1.8995 1.29859 0.869387 0.631272 2.64106 1.20105 0.128528 1.94069 1.22951
3.28749 2.06746 1.64111 1.33064 0.836368 2.76575 1.35915 -0.00895877 1.95188 1.3845
4.31178 2.78641 2.6586 2.23721 1.7833 3.79864 2.74166 1.57235 3.03756 1.86472
3.01089 1.763 0.926995 0.156303 0.824567 1.67306 0.0542902 -1.25779 1.8248 0.707397
2.51422 1.43655 0.940607 0.397445 0.483228 2.27287 0.156771 -1.25444 1.38153 -0.00874902
3.61622 2.18528 1.59176 1.39266 1.44709 2.45138 0.677684 -0.488925 2.40638 1.21839
3.71708 2.37822 2.10143 1.69768 1.51477 2.76366 0.845227 -0.946702 2.56639 1.43424
3.21689 1.81026 1.21221 0.785728 0.951571 1.70162 0.341164 -0.894935 2.20011 0.889316
3.33841 2.11987 1.53881 1.28514 1.35977 2.75363 1.0584 -0.220839 2.13129 0.924861
2.96662 1.76261 1.64382 1.09198 1.21503 2.43485 0.585109 -1.09923 1.99541 0.751626
3.08283 1.74822 1.7419 0.873253 0.618372 2.12021 0.333853 -0.651874 1.7701 0.653287
3.50085 2.15093 1.77396 1.59572 1.08752 3.14705 1.33311 0.0442743 2.15662 1.02312
4.03261 2.44966 2.16697 1.77958 1.41582 3.14569 1.85551 0.339557 2.94291 1.75003
4.05781 2.71767 2.27935 1.92897 1.63841 3.01678 2.44035 1.27897 3.33744 2.22958
3.05475 1.51606 0.841452 0.504532 0.719673 1.78246 0.088615 -2.04989 1.97123 0.627805
3.84724 2.46021 2.10875 1.81964 1.56923 3.05811 1.51898 0.435482 2.60775 1.49957
3.80895 2.48542 2.0024 1.53304 1.663 2.57922 1.12951 -0.0730822 2.70518 1.63559
2.00614 1.57686 0.627853 -0.560742 0.453019 2.0349 0.321741 -1.01997 1.25725 -0.137452
3.58742 2.22271 1.46775 1.21003 1.19212 1.96792 0.55814 -0.625524 2.74798 1.60846
3.67851 2.30382 1.94981 1.45042 1.54643 2.45203 0.574357 0.0996291 2.45516 1.33898
1.48646 0.68438 -0.131576 -0.304278 -0.121704 1.78511 0.14322 -0.744094 0.417907 0.361822
3.06438 1.72802 1.39304 0.806805 1.20255 2.01748 0.29708 -1.35084 1.80868 0.585752
4.53254 2.96735 2.9676 2.77471 1.97002 4.05133 3.37546 2.28704 3.13304 2.61366
3.65136 2.33049 1.62506 1.43674 1.61887 2.45353 0.605856 -0.468497 2.50507 1.25085
4.244 2.90984 2.57047 2.28818 2.00717 3.95324 4.17497 3.00454 3.23272 2.13482
0.826561 0.385409 0.301952 -0.314244 -1.00942 1.65903 -0.0151605 -1.5171 0.772516 -0.125359
3.09979 1.94473 1.49854 0.828063 1.31924 2.557 0.690388 -0.0747508 1.9525 0.525853
3.56551 2.38349 1.92497 1.57248 1.54356 2.64966 0.79613 0.000722624 2.38816 1.29956
1.07906 0.519145 -0.312442 -0.556527 -0.711303 1.85309 0.956799 -0.112351 1.01633 -0.176485
2.6947 1.60327 0.996722 0.784148 0.817482 2.21166 -0.554277 -1.37358 1.40408 0.240813
3.70107 2.30386 1.88947 1.59909 1.0962 2.41782 0.548636 -0.595307 2.86256 1.7771
3.8215 2.41752 2.30718 1.99306 1.45358 3.50889 2.44049 1.17139 2.18734 1.09896
4.01871 2.62747 1.73434 1.76438 1.72519 2.85245 2.61268 1.05164 3.24513 2.72428
3.663 2.426 2.03383 1.72742 1.54377 2.98886 1.79631 0.524006 2.72677 1.42095
4.26261 2.77348 2.39359 2.03254 1.84002 3.54179 2.38527 1.14752 2.90169 1.73621
1.93966 0.970099 0.740652 0.44366 0.20053 2.33411 2.23437 0.701428 1.78156 0.743875
1.52893 0.541063 0.7115 0.4479 -0.0101103 2.81983 0.830616 -0.77577 0.713641 -0.454017
4.97893 3.52507 3.17603 2.77964 2.66298 4.29873 4.21927 3.03839 3.29633 2.10979
3.44373 2.06059 1.466 1.12548 1.05282 2.2542 0.389367 -0.0569351 2.21975 1.31843
1.5173 0.669171 0.160225 -0.526272 -0.187081 1.53154 0.19505 -1.34313 0.694966 -0.95644
3.4677 2.15451 1.75483 1.25852 1.35299 2.24799 0.390334 -0.160588 2.45671 1.14458
3.59181 2.31317 1.88873 1.54152 1.4257 3.17266 1.84255 0.47311 2.23348 1.10758
1.82297 0.99338 0.621437 -0.219493 -0.224497 1.02166 -1.11877 -1.18836 1.08711 -0.0601739
2.94796 1.82144 1.40659 1.02246 0.973174 2.79752 1.36547 -0.217396 1.28821 0.224162
3.8828 2.51785 2.18871 1.78342 1.63471 3.35226 2.34009 1.0703 2.84381 1.70181
3.18159 1.80483 1.43782 1.25559 0.696369 2.30435 0.00273711 -0.62871 2.14785 1.06653
4.23775 2.82755 2.44664 2.09289 1.86285 3.76741 3.38369 2.18297 2.48096 1.4093
4.25344 2.6998 2.26068 2.18835 1.6329 3.13858 2.08682 0.882403 3.29336 2.34559
3.08864 1.67837 1.00306 0.637915 0.649256 1.90499 0.688103 -1.30072 2.06338 0.782319
3.07473 1.85471 1.46862 1.16812 0.862885 2.41903 0.686027 0.613133 1.77685 0.148847
5.15481 3.7147 2.94599 2.67172 2.78352 4.60528 4.99391 3.64608 2.84511 1.76407
1.63901 0.395937 0.764399 0.304028 -0.550998 2.80464 0.823943 -0.696531 1.13477 -0.349071
2.8896 1.83486 1.19109 0.705164 1.16449 2.68048 0.750341 -0.309957 1.88231 0.62453
2.42307 1.28041 0.224799 -0.614952 0.572834 1.42106 -0.537522 -0.810183 1.33676 -0.0637393
3.75177 2.3735 1.88971 1.49927 1.63289 2.72464 1.19417 0.260319 2.77579 1.5716
3.23944 1.96711 1.78753 1.27305 1.1995 2.74002 1.28353 0.084798 1.69747 0.693855
3.05124 1.80088 1.4725 1.04409 0.960746 2.64391 0.799419 -0.143528 1.58226 0.704724
3.19052 1.79161 1.33436 0.863116 0.985696 2.04105 0.595839 -0.820342 2.01891 0.927407
2.32103 1.13532 0.634159 0.682995 0.0401492 2.29372 0.427957 -1.08104 1.39745 0.286268
3.78899 2.42434 2.0626 1.74441 1.66667 3.52426 2.43675 1.30495 1.99253 0.845152
3.27317 1.99273 1.3285 0.998973 1.0991 2.29937 0.468135 -0.860486 2.0494 0.834228
3.79249 2.52478 2.10571 1.6915 1.75197 3.33353 2.05672 0.980159 2.40326 1.2525
1.29245 0.322238 0.0715346 -0.291807 -0.558007 1.65852 -0.360328 -1.66158 0.866798 -0.294527
2.94433 1.51642 0.419461 1.03859 -0.078837 1.60666 2.10521 0.742276 2.41515 1.31093
2.41177 1.15499 0.969013 0.283467 -0.0568533 1.78579 0.478109 -0.541739 1.88985 0.646247
3.53404 2.05625 1.44744 1.30102 1.01365 2.30694 1.0736 -0.0322056 2.64389 1.48854
4.30045 2.88124 2.55469 2.22613 1.82918 3.28504 1.88721 0.757031 3.43313 2.30986
2.54105 1.41233 0.737392 0.255385 1.04542 2.47407 0.0881043 0.072403 1.31758 0.330625
3.69529 2.41688 1.58709 1.42851 1.65653 2.2365 0.498932 -0.394013 2.64989 1.48011
2.42471 1.13276 0.32263 -0.16014 0.44248 1.42598 -0.825539 -0.979782 1.3959 -0.36509
2.697 1.63463 0.921151 0.555559 0.903182 2.23568 0.554232 -0.799558 1.74243 0.42991
0.584883 0.392274 -0.496602 -1.31694 0.0335661 1.66596 -0.205018 -0.647544 0.163989 -0.298896
2.79657 1.5625 0.844974 0.909019 0.643953 1.96653 0.741951 -0.620134 1.9192 0.3599
3.68138 2.1898 1.56312 1.28839 1.24972 2.35528 0.948939 -0.147826 2.60988 1.49011
3.9391 2.64939 2.05398 1.87556 1.81208 2.53858 1.28109 -0.079062 3.02716 1.96438
3.24654 1.98601 1.4884 1.12829 1.2975 2.55684 0.587743 -0.220297 2.1476 0.958659
2.19412 1.32744 0.651629 0.576032 0.338898 2.59342 0.411228 -0.374849 1.07684 -0.174149
1.50111 -0.105848 -0.709206 -0.222954 0.81165 1.63636 1.62492 0.144467 1.64035 0.247565
3.6104 2.25217 1.98497 1.47955 1.50587 3.68632 2.76438 1.70568 1.31993 0.43776
4.07107 2.6376 2.23334 1.9717 1.62344 3.02221 1.44671 0.361398 3.01802 1.84633
3.01242 1.81913 1.05367 0.577781 1.13846 2.4214 0.600075 -0.206865 1.83003 0.7952
3.67632 2.39549 1.75829 1.3806 1.72535 2.06537 0.477982 -0.395363 2.72954 1.39179
3.06191 1.84858 1.24779 0.887316 1.48732 1.99709 -0.0944848 -0.943054 2.0917 1.10546
4.65474 3.10041 2.75096 2.49066 2.06887 3.66875 2.75916 1.58377 3.53055 2.51265
3.34869 2.02351 1.72904 1.25785 1.08959 2.83504 0.829754 -0.632076 2.04966 0.829057
3.39238 2.00765 1.17663 1.07772 1.26083 2.05589 0.0838022 -0.533434 2.46159 1.23241
3.62219 2.17826 1.72529 1.2161 0.710027 2.31962 0.18892 -0.469458 2.5654 1.40634
6.0322 4.38453 3.4944 3.26545 3.40763 4.66801 5.87049 4.69901 2.94784 2.8288
2.66341 1.28805 0.685465 0.390431 0.785351 1.2436 -0.226507 -1.10412 1.48309 0.156558
2.99599 1.76014 1.119 0.809629 0.979133 1.63714 -0.19281 -0.621035 2.32477 1.18757
2.48969 1.02247 0.724408 0.360002 0.861582 1.99258 1.65243 0.189834 1.8581 0.484259
3.64107 2.21326 1.7926 1.47812 1.50287 2.54767 0.844167 -0.487533 2.37738 1.1758
2.74879 1.7349 1.00406 0.663301 0.969189 1.53022 0.354369 -0.540124 1.74238 0.235168
3.07289 1.87904 -0.0304442 -0.264987 1.49577 1.678 2.27691 1.11029 2.59771 1.5157
2.67473 1.45332 0.973698 0.427128 0.740992 2.12931 -0.065318 -0.950171 1.499 0.361444
3.01357 1.86647 1.54313 1.10401 1.1403 2.29985 0.572175 0.427102 1.64117 0.570758
3.58809 2.24766 1.53813 1.31641 1.52639 2.15429 0.173543 -0.664292 2.70282 1.49164
1.72399 0.624326 0.844605 0.667992 -0.396267 3.2666 2.32059 1.10362 1.33199 0.0491463
3.28794 2.13594 1.7373 1.44603 1.36336 2.43573 0.961479 -0.0861614 2.06976 0.815886
3.53443 2.33504 1.20227 1.07286 1.2426 1.51859 2.16217 0.575545 2.82909 2.29699
4.20882 2.72991 2.62081 2.1363 1.79507 3.86194 3.17215 2.05312 2.3522 1.20668
2.32213 0.915386 0.812324 -0.022321 0.901611 1.38945 0.182305 -0.998869 1.33455 0.111371
3.56796 2.18615 1.57013 1.29344 1.47613 1.96866 0.734549 -0.843229 2.71125 1.65036
1.61603 0.401883 -0.300454 0.378881 0.200355 1.4862 0.123996 -0.949333 0.790728 -0.82431
3.07139 1.77349 1.17298 0.927958 1.11215 2.10842 0.194151 -0.617842 1.817 0.598509
3.20567 1.82682 1.65862 1.27536 1.12426 2.60955 0.846068 0.209521 1.81171 0.809661
3.18713 1.93245 1.67957 1.21527 0.994176 2.59816 0.823751 -0.150765 1.75355 0.588827
3.49627 1.83246 1.38803 1.23832 0.984471 2.1481 0.897755 -0.853538 2.88976 1.81673
1.36313 0.417136 0.167469 0.0227299 -0.28094 2.02349 0.201746 0.213207 1.26146 -0.206956
2.0491 0.951947 0.999933 0.817543 0.347088 2.42163 2.20985 0.890921 2.01587 0.860098
3.36995 1.88448 1.82995 1.58343 1.02703 2.69763 1.7002 0.418611 2.69894 1.48136
3.89535 2.53539 2.10333 1.79472 1.69278 2.82321 0.925342 0.262161 2.83222 1.64116
2.94951 1.63986 1.25513 0.942518 0.818689 2.6207 0.752801 -0.794977 1.86243 0.761174
3.02204 1.66296 1.1657 0.591771 1.11536 1.96616 0.448844 -0.141515 1.84347 0.602188
3.79807 2.52918 1.96461 1.48525 1.7989 3.5049 2.57193 1.43903 2.25858 1.05754
3.84094 2.50469 2.10376 1.73386 1.72814 2.91962 1.22432 0.278089 2.64517 1.57216
3.57486 2.27392 2.03084 1.58236 1.64686 2.92051 1.09321 -0.310657 2.3303 1.14482
2.6486 1.43744 1.10841 0.877498 0.471432 2.20424 1.67575 0.407212 2.27569 1.09712
3.22597 1.94787 1.25656 0.855806 0.940504 1.98264 0.455046 -0.876592 2.01174 0.750507
3.36925 1.87214 1.51803 1.3367 0.779559 2.44364 0.387872 -0.265008 2.65137 1.39216
3.25917 2.2626 2.38282 2.42279 1.76362 3.66926 4.42639 3.14471 3.29354 2.29651
2.83346 1.76169 1.22948 0.920341 1.32474 2.84033 2.77745 1.58514 2.40624 1.48917
2.04745 0.534838 0.62337 -0.238963 -0.48118 1.91843 -0.0577016 -1.21553 1.32759 0.188631
3.19576 1.96844 1.64363 1.19447 1.01827 2.76969 1.27928 0.07805 1.6056 0.153427
3.4755 2.27108 1.4333 1.07008 1.28305 2.61509 0.871732 0.310201 2.29046 1.1489
3.67251 2.35588 1.78152 1.53334 1.39748 2.42999 0.708032 -0.57659 3.03745 1.91052
4.24742 2.86741 2.6231 2.32088 1.87567 3.9395 2.92561 1.67675 2.70794 1.51122
3.73021 2.38926 2.06971 1.8257 1.32671 3.38622 2.55495 0.939057 2.5502 1.241
5.55551 3.83427 2.81942 2.50886 2.81463 3.80003 5.09569 3.86399 3.18156 3.35687
3.16795 1.98071 1.23889 1.09367 1.25264 2.33953 0.790647 -1.38375 2.02735 0.795732
3.10864 1.63625 1.00252 0.713758 0.680403 2.17949 0.0986117 -0.28682 1.98868 0.743364
3.90302 2.36375 2.31432 1.94904 1.64225 3.37029 1.90869 0.675224 2.42802 1.23746
2.32853 0.832489 0.394073 0.170881 1.00525 1.74107 0.0245154 -0.808213 1.41901 0.0991491
3.34234 2.2217 1.78619 1.35442 1.52734 3.49937 2.33371 1.17409 1.78042 0.767882
3.54705 2.08909 1.36355 1.21746 1.15167 1.90228 -0.135224 -0.912738 2.74403 1.71695
3.0948 1.72405 1.37461 1.08053 0.390303 2.09309 0.049494 0.824168 2.0015 0.594279
2.94299 1.63168 1.44826 1.52033 0.843453 2.90357 3.00647 1.88018 2.91586 1.95751
3.94821 2.50692 2.16139 1.84731 1.61013 3.29857 2.11614 0.901364 2.67712 1.28445
3.49984 2.22777 1.99595 1.5945 1.50015 3.19438 1.77311 0.487038 2.04494 0.822743
3.57544 2.44545 1.81679 1.43149 1.54213 2.90341 1.00415 0.983506 2.47012 1.57308
3.55723 2.17532 1.43661 0.700104 1.37113 1.96057 0.188823 -1.21352 2.54942 1.44229
2.76684 1.43889 1.06756 0.756405 0.0182685 2.3106 -0.044286 -0.231594 1.59595 0.371997
4.12147 2.7066 2.42644 2.09351 1.74599 3.05218 1.57356 0.394753 2.99444 1.94663
2.87168 1.90442 0.91416 1.10886 0.683272 2.09094 -0.239301 -0.698552 1.61182 0.341083
4.08052 2.77445 2.49768 2.16982 1.88134 3.81851 3.11262 1.91329 2.28482 1.02724
2.53772 1.20223 1.20419 0.778339 0.371076 1.89412 1.65305 0.503734 1.84505 0.97882
3.07663 1.55214 1.43526 0.974087 0.882181 2.40241 0.806067 -0.696406 1.93614 0.606109
3.42168 2.13109 1.6943 1.37243 1.17683 3.21501 1.36122 0.151223 2.02771 0.834672
3.4191 1.91189 1.3852 1.03921 0.959833 2.46496 0.603554 -0.468375 2.53039 1.31662
3.59447 2.24635 2.00079 1.60377 1.55799 3.29522 1.91894 0.592457 1.98232 0.741462
2.55141 1.31168 1.36693 0.738326 0.305993 1.81128 -0.1151 -0.607064 1.4197 0.18229
2.42883 1.23891 0.384058 0.371945 0.00724451 1.88218 1.07608 -0.174371 1.59266 0.475002
4.24168 2.80086 2.32966 2.14719 1.68935 3.52266 2.21209 0.748106 3.23606 2.10797
2.82886 2.48657 0.588779 0.388775 0.897771 1.59399 -0.0812877 -0.511566 1.6381 0.437761
2.80107 1.48238 0.719745 0.733172 1.04513 1.50938 0.816194 -0.334137 1.92453 0.956958
3.24542 2.11589 1.9186 1.99813 1.5789 3.40508 4.5534 3.28454 2.79317 1.79017
3.45545 1.99759 1.80253 1.52263 1.17106 2.22707 0.167358 -0.319953 2.14003 0.932795
3.66587 2.21016 2.08478 1.63545 1.1276 2.64369 1.05798 0.0648066 2.46134 1.2444
2.86413 1.43351 0.860337 1.07295 0.813561 1.8065 0.467684 -0.603385 2.04016 0.749469
4.00274 2.61396 2.16178 1.87875 1.65024 2.5811 1.08135 -0.00935145 2.96967 1.69654
1.33403 0.333431 0.518556 0.0632555 0.521346 2.18706 -0.1331 0.328429 1.17841 0.0106453
1.03937 -0.0838543 -0.487873 -0.238057 0.402879 1.14719 -0.158327 0.325133 0.496308 -0.23881
3.08021 1.92609 1.20456 1.07453 1.12178 2.13501 0.113379 -0.623918 2.04499 0.857172
2.83258 1.49104 0.778861 0.377367 0.906633 1.57513 0.393556 -1.06685 1.61491 0.443889
3.65185 2.37964 1.98423 1.71496 1.38308 2.94158 1.71322 0.464937 2.24493 0.955551
3.92326 2.50639 2.19895 1.85003 1.41844 3.27861 1.91354 0.695252 2.70555 1.45836
3.92964 2.63958 2.1544 1.9178 1.76723 3.05314 1.39914 0.491537 3.02127 1.90024
2.11026 1.03137 0.575714 0.0841196 0.326018 1.84932 0.0789529 -0.650213 0.980079 -0.537091
3.84485 2.49541 2.01252 1.7165 1.62801 2.90489 1.25089 -0.14345 2.72131 1.58261
2.8908 1.71777 1.38403 0.928396 0.616831 2.21329 0.120086 -0.6391 1.68157 0.308601
3.4841 2.09262 1.72303 1.35738 1.16818 2.45976 0.123881 -0.237444 2.25563 1.02833
3.12926 1.9413 1.57411 0.99209 1.06953 2.50772 0.596681 -0.146889 1.95546 0.624786
3.66184 2.18856 1.80317 1.56935 1.26112 2.8248 1.35836 0.0758247 2.88725 1.71151
3.38977 2.18034 1.37661 0.984789 1.27637 1.71579 -0.179313 -0.0601516 2.14308 0.742243
3.48736 1.98286 1.40532 0.837271 0.769592 2.07231 0.599137 -0.494843 2.40859 1.06785
3.39268 1.99258 1.40509 0.898779 0.981475 2.35995 0.333903 -0.520594 2.12686 1.08391
3.13439 2.03813 1.74731 1.41047 1.0988 2.82067 0.950749 0.110401 1.66298 0.659678
2.92757 1.46821 1.26363 0.543231 0.376716 2.31485 0.614327 -0.403283 2.23645 0.908991
2.60523 1.22591 0.864421 0.66767 0.0364025 1.68633 1.0377 0.108017 1.81105 0.42578
2.57887 1.2147 0.649939 -0.312137 0.358785 1.50228 0.212929 -1.03899 1.44961 0.484419
2.2016 0.72431 1.90144 1.416 0.449929 3.42751 1.70133 0.356456 2.22462 0.990591
1.883 0.473375 0.719489 -0.140878 -0.000492217 1.22769 0.00213395 -0.761293 1.26092 -0.458683
3.32531 2.03343 1.77175 1.48683 1.10448 2.39624 0.637436 -0.110275 2.05388 1.0307
1.76885 1.05058 1.11132 1.04941 0.187484 3.52556 1.77546 0.759549 1.75813 0.946609
2.87839 1.49591 0.560565 0.375685 0.967028 1.4998 -0.0506191 -0.947937 1.69605 0.173977
3.13852 1.76001 1.30482 0.713487 0.875193 1.97705 0.475576 -0.661196 2.01487 1.01887
2.66203 1.6089 0.797375 0.254471 0.614906 1.94404 -0.0897478 -0.486437 1.37515 0.492873
3.74449 2.52133 1.96625 1.69745 1.67684 2.74707 1.06076 0.239979 2.64907 1.55779
3.55381 2.2673 1.75516 1.36325 1.57072 2.46788 0.899161 -0.627405 2.51319 1.3853
2.97294 1.92695 1.45268 1.29822 1.21429 2.51974 1.23473 -0.4621 1.83355 1.28396
3.81417 2.16551 2.2576 2.17532 1.08445 3.74012 3.42604 2.2867 3.36434 2.07277
3.974 2.60481 2.25695 1.80979 1.69398 2.64289 1.23914 -0.00201046 2.91598 1.78176
2.68739 1.29856 1.0166 0.813796 0.330485 2.45257 0.610399 -0.596788 1.68718 0.613403
4.37018 2.88703 2.40878 2.00159 1.9501 3.97653 3.8207 2.70465 2.13198 1.07297
2.89441 1.342 0.790586 0.449264 0.370551 1.49951 -0.0536141 -1.32811 1.72944 0.33457
3.14662 1.82469 1.40492 0.782173 0.777752 2.25417 0.461181 -0.541364 1.9466 0.757277
3.71754 2.42506 2.14288 1.69591 1.50318 3.35604 2.07238 0.946685 2.32477 0.906483
3.07547 1.72752 1.21324 1.07989 0.92671 2.33513 0.422846 -0.295843 2.29574 1.26653
4.06 2.70084 2.36791 2.11305 1.96652 2.97138 1.51106 0.369693 2.92374 1.78028
3.68395 2.26082 1.62502 1.49473 1.19771 1.87646 0.966739 -0.464283 2.97831 2.2317
1.48952 -0.00637173 1.27978 0.55955 -0.20529 3.18849 0.60047 -0.0250827 2.07841 0.678383
4.11247 2.54873 2.34107 1.94943 1.65419 2.93975 1.3725 0.195274 3.20919 1.89623
2.63805 1.37479 0.773929 0.42857 0.698358 1.97058 1.11768 -0.171274 1.85062 0.708537
3.59494 2.20103 1.9105 1.69947 1.45499 2.82221 2.66509 1.50976 2.89053 1.79466
3.41423 1.83305 1.3808 1.34389 0.814261 1.84492 1.64855 -0.560221 2.53581 1.38905
4.09513 2.77508 2.3954 2.02302 1.80367 3.60794 2.53432 1.23377 2.81961 1.68012
2.88934 1.64447 1.2757 0.921428 0.885277 2.66281 1.92477 0.631667 2.26737 1.01103
3.41425 1.84709 1.33502 0.906114 0.980741 1.69591 1.23986 -0.506489 2.59285 1.39049
3.26946 1.84453 1.10534 0.888705 1.05265 1.68934 0.116013 -1.25117 2.38942 1.20984
2.14675 0.864798 0.432011 0.453106 0.425931 2.20092 2.44611 1.16792 2.06693 1.51764
0.729191 -0.00285365 -0.117163 -0.69732 0.0968387 1.50506 -0.198861 -0.594065 0.619662 -0.124433
3.2492 1.96636 1.44677 1.14864 1.03679 2.52867 0.919621 0.0722735 1.97346 0.945574
3.06034 2.05175 1.36214 1.08419 1.08258 2.20459 0.138014 -0.211235 1.96616 0.947011
3.51146 2.21887 1.69215 1.39521 1.59759 3.27848 1.81843 0.653894 2.38896 1.2924
2.93277 1.61246 1.20399 0.9653 0.112868 2.1799 0.251683 -0.687637 1.67441 0.533521
3.62809 2.30845 2.10169 1.46857 1.63718 3.38163 1.66037 0.744481 1.97427 1.00558
3.05898 1.86143 1.17042 0.934748 1.02495 2.11396 0.161145 0.666966 2.34572 1.25773
3.22602 2.00208 1.54026 1.25582 0.787759 2.85808 0.795556 -0.158968 2.09547 0.935119
2.33581 -0.00783741 0.148857 -0.151736 -0.00237556 1.81379 0.0828844 -0.748871 1.41227 0.107313
3.5105 2.13944 1.40314 0.980284 1.2851 2.2245 0.839793 -0.49407 2.342 1.25591
3.23337 1.89671 1.30311 0.892651 1.00656 2.13582 0.195611 -0.936989 2.047 1.00314
0.980353 1.14542 0.00324485 -0.949084 0.576841 1.81108 -0.0986927 -0.106865 0.91636 -0.595518
0.385207 -0.269445 -1.86125 -0.11059 -1.17334 1.06212 0.617404 -1.24413 -0.213031 -0.375982
3.60759 2.15364 1.90903 1.50278 1.13459 2.93973 1.5658 0.106029 2.44349 1.23201
2.89224 1.62202 1.25306 0.980513 0.66183 2.40059 0.906445 0.449904 1.79042 0.442944
3.30856 1.96777 0.942668 0.834787 1.11534 1.82841 -0.191393 -1.1551 2.15641 1.02145
3.6116 2.26643 1.49742 1.19542 1.248 1.96107 0.121742 -0.672297 2.49244 1.30786
3.41612 1.99396 1.21598 0.96133 0.933878 1.85729 0.514856 -1.26649 2.17063 1.10634
4.56269 3.0546 2.8001 2.41746 2.06549 3.56513 2.40706 1.17911 3.38831 2.27468
2.7845 1.3148 1.23153 0.650532 0.741187 2.35419 0.459095 -1.03013 1.88212 0.605941
2.76555 1.57033 1.08427 0.530428 0.592123 2.22701 0.32544 -1.21048 1.59817 0.536814
3.35636 2.13343 1.69454 1.27756 1.23509 2.84855 1.32665 0.0221117 2.1802 0.903327
3.7185 2.42713 1.88315 1.70897 1.54541 2.42838 0.724867 -0.258292 2.61686 1.5906
0.909188 0.118959 0.114805 -0.663467 -0.118199 2.03632 0.0149782 -1.91219 0.319722 -0.834381
3.22055 2.06981 1.31947 1.08237 1.09592 2.12383 0.63996 -0.790611 1.9712 0.701956
4.57942 3.17976 2.60321 2.40084 2.19741 3.94425 4.23459 3.14608 1.7986 0.836156
3.40445 2.18638 1.92566 1.50634 1.50056 3.50833 2.18883 1.03042 1.45844 0.0119729
2.0517 0.94476 0.433847 -0.00177541 0.436721 1.94695 -0.037972 -0.733319 1.13684 -0.115851
3.09976 1.97421 1.41844 0.919433 1.30079 2.15539 1.33968 -0.232494 2.25029 1.09368
3.77173 2.46906 1.93454 1.44055 1.66823 2.46132 0.902497 -0.1969 2.85496 1.71246
1.86184 0.703479 0.521749 -0.177612 0.590438 1.78723 -0.303947 -0.575103 1.14244 -0.162478
3.30089 2.06401 1.82374 1.32569 1.75186 3.40903 1.46881 0.473469 1.5473 0.893956
1.8017 0.695997 0.0477717 -0.500603 -0.129372 1.64326 0.797454 -0.674931 1.12264 -0.180346
3.24342 1.9982 1.16766 0.852682 1.18959 1.97124 0.756788 -0.356243 2.25183 1.14742
5.11316 3.48098 3.49153 3.18199 2.41681 3.97728 3.25403 2.07882 4.07609 3.2929
2.79834 1.23037 1.0538 0.65938 1.14931 2.19395 1.15051 -1.18968 1.89209 0.607534
3.71477 2.3582 2.0784 1.79345 1.63677 2.84921 1.42022 0.362489 2.43402 1.34422
3.06854 1.81023 1.12113 0.621741 0.959471 1.9767 0.275991 -1.44558 2.41896 1.34668
2.92554 1.60817 1.34493 0.626822 0.906697 2.71925 1.2629 -0.534288 1.40713 0.195943
3.22355 1.83617 1.63486 1.35983 1.12563 2.56787 0.513156 -0.823771 2.25004 1.01166
2.45047 1.41332 0.870845 0.347992 -0.0195942 2.01885 0.413252 -0.87099 1.84005 0.664135
2.50044 1.46637 0.769894 -0.374621 0.778041 1.67608 0.120773 -0.508824 1.45393 0.338042
3.10184 1.65053 1.19533 0.741913 0.559703 2.58641 0.825433 -0.75035 2.05029 0.888506
2.86858 1.41355 0.353528 0.356834 0.216194 1.54327 0.687537 -0.225958 2.08069 0.909728
2.59738 1.4616 0.538795 0.13068 0.797513 1.79329 -0.0765406 1.30366 1.55929 0.264609
2.15586 1.4081 0.973327 -0.352761 -0.393242 2.52554 0.529493 -0.830032 0.239979 -0.178508
2.56949 1.409 1.09675 0.173162 0.787696 2.06228 0.260785 -0.127334 1.71941 0.581626
4.35766 2.86122 2.27341 2.24252 2.02622 3.30416 1.88698 0.680606 3.18939 2.05284
2.08323 1.19776 0.585142 -0.956346 0.591651 1.6979 0.222255 -0.765029 1.09053 -0.636974
2.25455 1.2568 0.235253 0.00399743 0.0445881 1.25677 -0.798837 0.456146 1.12833 -0.215662
3.01194 1.83749 0.795222 0.465959 0.586208 1.86066 0.255508 -0.578353 1.66495 1.15773
3.37439 2.16429 1.50379 1.02228 1.65548 2.46054 0.736256 -0.782223 2.36156 1.17809
3.04994 1.62401 1.31425 0.966105 0.295407 2.82399 1.11998 -0.0474471 2.19635 0.886532
3.22731 2.03443 1.36896 1.04504 1.12396 2.93498 0.721879 -0.28427 2.02153 0.700531
2.34078 1.06715 0.427068 0.320727 0.236432 1.62401 -0.34695 -1.45049 1.65111 0.197424
0.56189 -0.546879 -0.755024 -1.30887 -0.00936156 1.28448 0.284287 -1.67089 0.288126 -0.761546
3.72455 2.48403 2.1072 1.60259 1.56022 2.85028 1.02195 0.112045 2.59539 1.37192
3.06621 1.67861 1.28028 1.31535 1.03817 2.20281 0.210741 -1.30105 2.3409 1.23624
4.21401 2.81407 2.35137 2.06381 1.80735 3.5668 3.94092 1.03071 2.88521 1.59505
2.49054 0.323486 0.401854 0.244202 0.621428 1.35237 1.31415 0.291874 1.75822 -0.0332659
3.89037 2.60208 2.02035 1.67146 1.73028 3.2091 2.05765 0.78619 2.5862 1.44946
2.62481 0.952287 1.43882 0.466621 0.109191 2.74135 0.97359 -0.568329 2.56102 1.21672
3.05146 1.59191 1.42131 0.976278 1.06321 2.33421 0.64189 0.0197451 2.0558 0.703622
3.31849 1.9938 1.54874 1.04939 1.0555 2.29451 0.284883 -1.19496 2.22599 1.01122
1.61622 0.457957 0.387992 0.265133 -0.326288 1.98056 0.163592 -0.7412 1.25904 -0.102742
4.045 2.56567 2.38945 2.02473 1.34419 3.31551 2.13681 0.921753 2.62465 1.39363
3.12836 1.8007 1.55402 1.44938 1.01728 2.61476 1.97702 0.987398 2.60489 1.25708
3.20103 1.91352 1.19822 0.938224 1.00918 2.08534 0.821434 -0.29722 2.08075 0.976814
4.16785 2.67463 2.29261 2.01036 1.56705 3.74486 3.34299 2.17237 2.07556 0.856196
3.47988 1.87294 1.55967 1.3299 0.776336 2.75768 1.2932 0.154709 2.36745 1.27801
3.27245 2.11204 1.76538 1.31724 1.63935 3.21769 1.854 0.612285 1.75112 0.597486
4.45594 2.87017 2.70607 2.49297 1.74441 3.01668 1.65083 0.273121 3.51554 2.44359
4.23279 2.95925 1.71713 1.56722 1.81477 3.14362 3.82636 2.65625 2.91316 2.07898
3.2144 1.94785 1.53492 1.11467 1.06968 2.51812 0.652006 -0.609208 1.88768 0.848043
4.31708 2.87188 2.62706 2.29401 1.86869 3.86407 3.20154 2.03987 2.68285 1.46388
2.97669 1.65375 0.921908 0.697154 1.11656 2.38548 0.346549 -0.12063 1.91585 0.552053
3.23641 1.73131 2.0022 1.5137 0.950609 2.40292 1.2011 -0.499732 2.56761 1.40639
3.76536 2.37902 1.6016 1.38786 1.57092 2.17611 0.731136 -0.501888 2.65431 1.59365
3.41857 2.19795 1.65588 1.42073 1.14813 2.60179 0.879741 0.093285 2.20774 1.15849
2.65303 1.35583 1.1698 0.92309 0.581862 2.2279 0.674293 -0.736744 1.47572 0.226793
3.03518 1.86179 1.35067 1.0689 1.1658 1.99825 -0.0549996 -0.157771 2.39727 1.25628
2.88374 1.71175 1.11964 0.815927 0.801956 1.86177 1.45851 0.552843 1.96411 0.656386
2.61709 1.54324 0.439032 0.201447 0.306913 1.24589 -1.15324 -0.168937 1.33666 -0.0359275
2.92361 1.48758 0.369547 0.457032 0.217591 2.07063 0.105266 -0.900003 2.18059 0.866294
3.41071 1.97973 1.33988 1.28871 0.729674 2.39038 0.521156 -0.666824 2.60075 1.26917
1.82945 1.0149 0.520579 0.0600105 0.48392 1.80988 1.48104 0.493347 1.37479 0.269431
3.55203 2.03427 1.43097 1.37002 1.29522 2.43889 0.788513 -0.64834 2.85711 1.63635
3.04935 1.53378 1.38859 1.0098 0.877894 2.2435 0.300923 -0.941757 2.35309 1.16945
1.99017 0.781604 0.0909828 0.201565 -0.396693 1.85167 -0.489495 -0.474592 1.45069 0.334758
4.20711 2.84881 2.45128 2.09691 1.75188 3.55615 2.53606 1.39123 3.07124 1.91586
2.60362 1.23987 0.570751 0.0367537 -0.391384 1.54181 0.608394 -1.08764 1.33526 -0.156088
3.34535 2.06569 1.73257 1.39153 1.33621 3.085 1.65986 0.460899 1.81469 0.785305
3.57514 2.28368 1.80169 1.43348 1.38602 2.60328 0.987105 -0.538214 2.51889 1.40076
2.74547 1.16077 0.729023 1.04763 0.265768 2.21301 0.953197 -0.148644 2.32109 0.756658
2.78077 1.38285 0.949516 0.498224 0.804432 1.87219 0.00535482 -0.105492 1.70538 0.45729
3.04322 1.72612 1.12719 1.19355 1.01266 1.86421 -0.0717647 -0.15832 2.20497 1.05148
3.54091 2.19992 1.66633 1.35419 1.5066 2.71408 0.957222 0.0660171 2.53248 1.46894
2.12212 1.15949 0.328925 -0.165759 0.180927 1.56192 -0.383388 -1.22789 1.17042 -0.078965
1.12629 -0.931683 -0.135989 -1.52842 -0.338746 1.41661 -0.328924 -1.58631 -0.144516 0.538873
1.17238 0.280278 0.3446 0.198223 -0.0278226 1.80861 1.95278 0.866923 1.42687 0.128392
3.61397 2.33575 1.88436 1.54181 1.4914 2.74288 1.09978 0.289683 2.44155 1.33659
1.42729 1.35538 -0.133094 -0.19326 -0.9589 1.53226 -0.0681216 -0.6779 0.754307 -0.351822
3.56527 2.28311 1.6901 1.3102 1.60797 2.5213 0.81799 -0.37253 2.43282 1.30334
2.8164 1.14541 0.677015 0.87263 -0.306209 2.231 -0.0874054 -0.879337 1.78108 0.449687
3.1272 1.93082 1.02461 0.761274 0.890326 1.92075 0.125695 1.78015 1.99207 0.879586
2.73606 1.508 0.696159 0.153851 0.40718 2.0641 -0.487769 -0.926235 1.6692 0.127352
2.74212 1.54904 0.951013 0.486759 1.21749 2.08247 0.708236 -0.295528 1.53816 0.562152
3.57365 2.07891 1.83009 1.43745 1.27879 2.85077 1.01467 0.166436 2.43857 1.16332
2.96943 1.62322 1.30247 0.935923 1.10593 2.23396 0.361179 -0.683002 1.70558 0.445559
4.36787 2.90952 2.58787 2.21977 1.65164 3.56045 2.05498 0.645319 3.50123 2.31466
3.61515 2.03643 1.66413 1.29191 1.00307 2.37939 0.429425 -0.187663 2.55547 1.39676
3.75196 2.33479 1.8179 1.5096 1.34989 2.32637 0.856087 -0.321198 2.67051 1.51392
1.62814 0.684673 0.207373 -0.820973 0.253125 1.96142 0.0876327 -0.708082 0.535402 -0.0381295
3.5113 2.15321 1.74012 1.56891 1.44528 2.83718 1.08286 0.0804605 2.55514 1.28984
2.83692 1.6298 1.09459 0.821075 0.742748 2.48699 1.76125 -0.491046 1.90947 0.960003
3.04053 1.60051 0.98687 0.637577 0.955594 1.67837 0.637972 -0.957091 2.07401 0.645278
4.33613 2.84275 2.42559 2.19358 2.01062 3.87054 3.31925 2.14559 2.45606 1.29735
3.80827 2.45128 2.049 1.80598 1.58254 3.47626 2.52683 1.17592 2.12389 0.989098
4.08542 2.83748 2.45659 2.1744 1.77091 3.82011 3.15604 1.96608 3.30804 2.17501
2.91962 1.52352 1.00595 0.518005 1.03997 2.20753 0.700092 -0.382319 1.60297 0.666916
4.15552 2.80534 2.50083 2.1141 1.97861 3.53362 2.18649 1.06114 2.97696 1.78823
4.28967 2.83102 2.58252 2.27203 1.85008 3.29235 1.94521 0.682722 3.21858 2.03669
2.78822 1.69564 1.57203 1.49754 0.827387 3.09615 3.43733 2.29607 2.56898 1.61477
3.48909 1.93596 1.52204 1.28895 0.832559 2.80437 0.88652 -0.0917842 2.22199 0.940595
3.19645 1.67796 1.11135 0.991728 0.539769 2.0773 0.564879 -0.256407 2.87403 1.87364
3.92685 2.6124 2.19749 1.9019 1.68639 3.41673 2.41805 1.15054 2.8323 1.68221
3.27964 2.55804 1.62948 0.342174 1.40046 2.54724 2.2101 0.863359 2.47858 1.26486
2.43506 1.06089 1.39896 1.37978 0.129517 3.15483 2.70102 -0.526371 1.9196 0.423664
2.91313 1.43767 0.901525 0.416666 0.233259 2.42845 0.000762649 -0.828105 1.93774 0.490444
3.09636 2.10051 1.5695 1.30802 1.36108 2.45582 3.49998 2.284 2.43424 1.54485
3.26808 1.94253 1.03407 0.607599 1.30947 1.64695 -0.190651 0.308456 2.32651 1.18774
3.65001 2.32933 2.01658 1.62921 1.30954 2.67228 1.13881 -0.279496 2.43511 1.35119
2.64545 1.54266 1.04508 0.604936 1.15965 2.27672 0.437604 -0.480468 1.52811 0.396386
3.57123 2.18924 1.93144 1.47778 1.15243 2.66702 0.829857 0.0254698 2.47377 1.18199
1.8397 0.867735 0.0111556 -0.215959 0.379217 1.73849 -0.0940143 -1.14975 1.02735 -0.12691
3.08296 1.64341 1.11223 0.879956 0.35649 2.06132 -0.50151 -0.877331 2.03312 0.495685
3.10308 1.62857 1.60953 1.19436 0.718392 2.613 1.16437 0.192055 2.59175 1.37026
2.39203 1.28785 0.889708 0.119881 -0.896692 1.84447 0.385659 -1.29336 1.55763 0.367574
3.14718 1.97868 2.10243 1.70492 1.51949 3.54534 3.41022 2.096 3.14372 2.15691
3.47442 2.25197 1.54255 1.20469 1.48859 2.1269 0.459824 -0.664112 2.28385 1.05667
4.41843 2.97915 2.5744 2.26373 1.83478 3.70134 2.89506 1.637 3.18763 1.86063
3.0267 1.62512 1.33077 1.13758 1.16262 2.284 0.125308 -0.540799 1.74678 0.948515
4.54655 3.13806 2.67127 2.37548 2.27063 4.09338 3.92975 2.79663 2.50467 1.41797
3.2763 1.76095 1.43932 1.0891 0.837568 2.06693 0.666543 -0.653068 2.65615 1.29157
2.65601 1.3686 0.59477 0.072191 0.624563 1.83188 -0.698627 -0.979929 1.50595 0.155599
2.47639 1.42074 0.916242 0.770606 1.078 2.35313 0.522575 -0.834416 1.46088 0.243972
3.39994 1.83419 1.74315 1.47744 1.1897 3.06476 2.00471 0.387032 3.10684 2.01748
3.80274 2.21301 1.95006 1.73216 1.21541 2.5728 0.503065 -0.439306 2.89827 1.63953
2.8359 1.77048 1.00672 0.888267 1.05577 2.8742 0.954337 -0.0125699 1.62885 0.466165
3.24002 1.97964 1.35665 1.02451 1.15098 2.69825 1.0976 -0.832981 1.87595 0.807928
3.12112 1.98794 1.65262 1.58739 1.31614 2.9314 1.61206 -0.791549 2.69198 1.94572
3.6229 2.35825 1.87204 1.3283 1.40505 2.88352 1.1771 0.229434 2.50896 1.29455
2.81924 1.52908 0.773364 0.483975 0.853653 1.7611 2.4906 -1.07908 1.9434 0.906149
3.49239 2.10734 1.64622 1.16921 1.41752 2.58368 0.943847 -0.470339 2.2212 1.01896
2.10861 0.978682 0.966576 0.807194 -0.101222 2.24282 2.06142 0.828198 1.94525 0.729552
2.10004 0.931067 0.45268 -0.0271756 0.0946289 1.42264 -0.0876573 -0.804986 0.934099 -0.361226
3.77461 2.46403 1.96298 1.56401 1.66009 2.77187 1.13602 0.252692 2.67571 1.46201
4.05065 2.92641 1.63584 1.51135 1.4513 1.55221 2.96745 1.39487 3.00058 2.93785
3.55807 2.23302 1.64148 1.64133 1.33992 2.58737 1.17617 -0.512718 2.31072 1.20667
3.61197 2.24097 1.98583 1.46919 1.50008 2.5627 0.661864 -0.578958 2.60304 1.38123
2.87838 1.51607 0.559203 0.737155 0.256258 1.50565 -0.379463 -0.315652 1.75102 0.403374
3.03105 1.79287 0.692167 0.512073 1.01158 2.13251 0.138329 0.306594 1.97237 0.964467
3.43393 2.05956 1.97772 1.47825 1.20285 3.12405 1.52955 0.624068 1.9648 0.894568
4.05713 2.44608 2.16356 1.76955 1.46891 2.4147 0.9746 -0.548005 3.10638 1.91335
3.12974 2.03452 1.25131 0.971062 1.11253 2.18252 1.05547 -0.307181 2.54064 1.75677
3.00715 1.68288 1.03668 0.771584 0.634279 1.9925 -0.16869 -1.43071 2.02164 0.790095
2.53957 1.4087 1.03399 0.33914 0.678145 2.00001 0.299132 -0.032574 1.47782 0.248076
3.20254 1.81319 1.26325 0.864454 1.04474 2.1053 0.691525 -0.481646 1.95517 0.799711
2.75273 1.6284 0.915543 0.724952 1.15014 2.33468 0.233895 -0.304397 1.58426 0.246227
2.53093 1.50636 0.476905 0.665268 0.290781 2.06583 0.314219 -1.36848 1.60768 0.93408
4.28931 2.79951 2.54325 2.16928 1.73191 3.71029 2.84011 1.68395 2.89656 1.80667
2.33903 1.09503 0.989587 0.0290316 0.787186 1.95881 0.171551 -0.0715352 1.6272 0.578342
3.65293 2.34954 1.56594 1.26886 1.52034 2.09676 0.442421 -0.496057 2.63965 1.50014
4.24205 2.69193 2.37391 2.05913 1.69613 3.31877 1.95427 0.723779 3.27964 2.20907
3.32269 1.99965 1.52279 1.1977 0.83549 2.90647 0.903396 -0.412699 2.04609 0.810311
4.33522 2.81342 2.62339 2.26642 1.72341 3.46023 2.44982 1.01483 3.22071 2.13031
3.15581 2.05187 1.68121 1.08014 1.06287 2.55959 0.82641 -0.841099 2.03598 0.903893
3.07113 1.9558 1.65014 1.47377 1.17989 2.90217 1.63664 0.201654 2.64629 1.70253
2.87564 1.83176 1.31207 0.900474 1.37933 2.36983 0.436803 -0.455353 1.94795 0.58116
3.59186 2.32755 1.76758 1.48921 1.50006 2.85094 1.26404 0.38383 2.50857 1.39761
3.55581 1.95738 1.93034 1.2648 0.93335 2.68563 0.956994 -0.796469 2.82632 1.64033
3.60613 2.41846 2.05983 1.57241 1.59434 3.43665 2.24311 1.22673 1.93144 0.608878
2.66892 1.30585 0.970857 0.661738 0.897046 2.37576 1.75729 0.348258 1.95063 0.628023
2.68052 1.20666 1.29219 1.20159 -0.148088 2.3324 0.904743 -0.314375 2.33997 1.19918
3.20166 1.93703 1.05581 0.618731 0.834036 1.98287 -0.0783171 -1.00116 2.05172 0.905228
2.57874 1.41391 1.01461 0.86186 1.20439 2.08703 0.514361 -0.545823 1.22413 -0.319546
2.13219 0.970344 0.764203 0.489222 0.182074 2.21731 1.26388 0.960345 1.18342 0.0618643
2.83859 1.59223 1.09317 1.04941 0.795512 1.54639 2.09094 0.719231 2.51461 1.80167
1.90387 0.701108 -0.0575208 0.179373 0.129802 1.52542 -0.297126 -1.09394 1.10868 -0.156688
3.50972 2.08154 1.92525 1.56416 1.27611 3.13029 2.09469 1.03971 1.86986 0.688363
2.07907 0.961224 0.549938 -0.489864 0.193833 2.07827 0.372478 -1.04826 1.00192 -0.140214
2.75038 1.66549 0.941569 0.550059 0.905611 2.31823 0.714366 -0.508843 1.60356 0.279712
3.25076 2.03908 1.17144 0.642068 1.16326 2.02397 0.346162 -0.132269 2.07783 0.990262
3.49186 2.15677 1.53742 1.08012 1.22334 2.27049 1.82257 0.601839 2.6038 1.57373
3.15308 2.19801 1.16027 0.955792 1.14659 2.31537 0.674697 -0.457476 2.06511 0.837252
4.6411 2.97257 2.73456 2.57807 1.92411 3.43423 2.68173 1.39088 3.62399 2.49895
2.83557 1.23733 0.73181 0.201302 0.413482 1.93282 0.0839232 -1.58708 1.75772 0.417724
2.47913 1.22091 0.854683 0.538506 0.895149 2.33012 0.0139066 -0.783571 1.58616 0.411275
2.2278 0.696762 0.263019 0.0167288 -0.308639 1.88146 -0.110369 -1.13702 1.48671 0.21459
3.25013 1.76465 1.51451 1.21627 0.940957 2.61023 0.880013 -0.741056 2.43758 1.28508
2.82628 1.19465 0.768873 0.418822 0.243188 1.43631 0.474604 -1.16972 1.75292 -0.453568
3.76309 2.37036 1.68967 1.24893 1.13627 2.99816 2.08387 0.876092 2.85291 1.65364
3.3068 2.10521 1.7077 1.22447 1.36961 2.66888 1.85498 0.57938 2.38638 1.30845
3.24447 1.83052 1.84579 1.61084 0.766676 3.06636 3.4147 2.16737 3.35784 2.6245
3.17979 1.85049 1.62347 1.28449 1.32927 2.82064 1.26613 0.217051 1.87369 0.54506
2.37001 1.09514 0.395375 -0.305373 0.678282 1.7426 -0.0164384 -0.629669 1.90718 0.185193
3.12037 1.97655 1.36083 1.0297 1.14604 2.68912 1.27852 0.26467 1.93321 0.635288
3.38606 2.06916 1.6779 1.09772 1.28424 2.41652 0.505833 -0.526458 2.19747 1.01398
3.88679 2.48749 2.24209 1.91535 1.54659 3.06026 1.47379 0.123896 2.68223 1.54459
3.92144 2.63588 2.02012 1.71819 1.67623 2.72041 1.24704 -0.0691308 2.96085 1.76869
3.63954 2.25487 2.00878 1.79787 1.30558 3.15164 3.01318 1.79346 3.0347 1.81939
3.71439 2.32001 1.93468 1.39653 1.70934 3.2948 1.92988 0.530448 2.27124 1.18766
3.39111 2.17272 1.40115 1.55178 1.11414 2.61267 2.5402 1.05346 2.86524 2.76807
3.32721 2.10478 1.50702 0.976029 1.13401 2.30913 0.814173 -0.321678 2.00918 1.08266
1.12729 0.11964 -0.62463 -1.02373 -0.219544 1.10548 -0.303373 -1.3043 0.502105 -0.694409
3.75296 2.36554 1.97549 1.64309 1.39773 3.31591 2.61473 1.50528 1.9631 0.74984
3.02996 1.57648 1.10743 0.732338 0.723497 1.77916 -0.0588439 -0.970743 1.67657 0.474987
3.31058 1.63708 1.21817 0.946624 0.655224 2.27442 0.023264 -0.0883759 2.13847 -0.118787
1.2827 -0.0110192 -0.163604 -0.57807 -1.14579 1.3406 0.259305 -0.78389 0.646198 -0.557394
2.6824 1.39072 0.933907 0.452179 0.505395 2.04244 1.22654 -0.870716 1.84143 0.285035
2.98689 1.68472 1.37572 0.934224 0.887164 2.44205 0.760123 -0.794344 2.09233 0.89467
3.34611 1.9268 1.31805 1.00703 1.01212 1.78636 -0.154281 -0.0011317 2.20078 1.2979
3.65013 2.3104 1.84034 1.58886 1.60024 2.93111 0.962645 -0.716126 2.6652 1.34749
3.16145 1.69432 1.42071 0.478912 1.05929 1.76624 0.575288 -0.573122 2.17787 0.81445
3.1857 1.46893 1.15201 0.529657 -0.192683 2.23806 2.78135 1.3496 2.63186 1.96362
2.85328 1.52179 0.619493 0.531846 0.583998 1.57481 -0.2926 -1.12509 1.67009 0.381757
4.03704 2.58461 2.35903 1.91631 1.68015 3.34062 1.75961 0.532952 2.86988 1.68668
4.38396 2.93411 2.63432 2.20428 1.85296 3.83643 2.83673 1.72184 2.91489 1.8026
1.69468 -0.457675 -0.372939 -0.950361 -0.568063 1.82937 0.924454 -0.211738 1.25181 -0.123276
3.54069 2.18174 1.72058 1.20545 1.42792 2.62863 1.24674 -0.00214998 2.20141 1.06234
3.88891 2.51533 2.05013 1.7636 1.50805 2.37526 0.743294 -0.571418 2.84853 1.72907
2.69104 1.3045 0.523239 0.351358 0.461094 1.39737 0.155667 -0.639722 1.6705 0.428644
3.52198 2.25752 1.92879 1.36315 1.3662 2.66058 0.764093 -0.818607 2.27981 1.13512
1.76753 0.723594 1.20883 0.718651 0.185146 2.79686 2.65553 1.36229 2.36601 1.03331
2.66425 1.57086 1.91082 0.999206 0.942893 3.86714 1.65659 -0.09047 1.89203 0.586078
3.28404 2.04339 1.50222 1.35669 1.48363 2.15934 0.48088 -0.699346 2.55592 1.48518
3.18395 1.33155 1.11157 0.842862 1.00775 1.91082 0.0313356 -0.124906 1.92169 0.798778
3.7575 2.50806 1.96386 1.67163 1.53357 2.51807 0.757567 0.0125156 2.78978 1.59203
4.33661 2.80435 2.64033 2.32088 1.80658 3.83734 3.00517 1.81159 2.90486 1.68721
2.95524 1.91273 1.45058 1.29762 1.16174 3.25381 1.87965 0.613733 1.78429 0.617361
2.66493 1.02115 0.868366 0.389405 0.651308 2.37837 0.462806 -0.73539 1.73656 0.617538
3.24819 1.83844 1.82047 1.44008 0.863558 2.80266 1.1444 -0.701102 2.64082 1.34424
4.52603 2.99473 2.60558 2.3179 1.96323 3.76845 3.05472 1.91647 3.0466 1.90162
4.56554 3.12505 2.48033 2.10552 2.24829 4.0129 4.37539 3.18532 1.92256 0.678588
2.84081 1.58452 0.95511 0.835793 1.02376 1.5999 0.37946 -0.899754 1.78634 0.801683
3.09826 1.72641 1.44878 1.47348 1.05835 3.30474 1.11395 0.514347 1.53624 0.382652
2.64265 1.55507 1.28833 1.33155 1.10375 2.69545 3.13612 2.05272 2.54533 1.41459
2.41119 1.04095 1.1135 0.950699 -0.253422 2.36099 0.750688 -0.40006 2.13878 0.567058
3.0841 1.97322 1.17398 0.922258 1.24698 2.80319 0.692756 0.275756 2.69767 1.64315
2.93599 1.73005 1.50186 0.876264 1.24301 2.48588 0.591792 -0.767331 1.55479 0.501929
2.97886 1.63391 1.10039 0.594742 1.09484 2.21484 -0.0341812 0.578851 1.95112 0.718068
4.8057 3.20453 2.97282 2.59501 2.07641 3.52254 2.38188 1.18555 3.88151 2.58807
3.60367 2.29244 1.9213 1.59885 1.54939 2.81697 1.21917 0.291135 2.21344 1.06836
1.22288 0.186461 0.850037 0.7636 -0.586449 2.33738 0.734903 -1.04913 1.39147 0.455848
2.95642 1.87206 1.34833 0.716573 1.67603 2.34272 0.810868 0.592602 1.74104 0.716668
3.23162 2.02198 1.47134 1.06412 1.50508 2.61557 0.936607 -0.923758 1.88631 0.55092
2.36694 1.54783 1.30538 0.727757 0.828027 3.65474 1.82527 0.627353 0.799887 0.563781
3.41612 2.06429 1.91326 1.44616 1.13238 3.02299 1.66319 0.188135 1.89342 0.736004
2.99293 1.79318 0.947195 0.82378 0.86474 2.12926 0.598977 -0.620858 1.82459 0.814135
2.21146 0.868208 0.774449 0.284177 0.00571901 2.17837 1.58731 2.66967 1.80891 0.760506
3.52868 2.07746 1.53317 1.24521 1.19592 2.12096 0.753327 -0.77859 2.27102 0.894009
2.81058 1.49791 0.829767 0.591107 0.556979 1.37081 0.95335 -0.941532 1.90105 0.547105
3.48847 2.30178 1.80651 1.43168 1.51157 3.16081 1.5077 0.192332 2.06112 0.999385
0.851862 -0.597069 -0.00674227 -0.773091 -1.05176 1.98729 0.168757 -1.39468 1.22112 0.108019
2.32586 1.06394 -0.140232 -0.267819 0.0996335 1.28814 -0.13025 -0.378828 1.38841 0.245653
2.95433 1.90649 1.12857 0.596852 1.00447 1.97363 0.509757 2.35662 1.85474 0.743532
3.35674 1.92958 1.31383 0.960693 1.23423 1.9591 0.461231 -1.36594 2.40465 1.26379
2.6833 1.32374 0.624126 0.344398 0.47261 1.37073 0.0601129 -0.631521 1.50587 0.776839
4.07322 2.61764 2.52202 2.32226 1.51792 3.48203 1.51559 0.418412 3.26897 2.14345
3.14559 1.7992 1.15827 0.613616 1.03994 1.84846 -0.0725888 -0.872308 2.00151 0.820469
3.19973 1.85625 1.30372 0.818108 1.22568 1.87262 0.423234 -0.860161 2.15545 0.929113
2.68975 1.48217 1.00342 0.759198 0.532534 2.12959 0.0135642 -0.871555 1.44132 0.240633
4.25822 2.82727 2.29603 1.948 1.81664 3.47405 2.34407 1.9023 3.15353 2.0755
1.94625 0.76042 0.113561 -0.17911 0.676321 1.39439 0.181239 -1.03825 0.87043 -0.276675
3.31881 2.02008 1.42714 0.85644 1.18981 2.17822 0.771484 -0.403003 2.1169 1.09042
3.27539 1.94551 1.2431 0.966548 1.05501 2.02824 0.061824 -1.03881 2.22073 1.06968
2.92887 1.79425 1.41888 0.915108 1.01307 2.34864 0.288635 -1.00166 1.65633 0.139342
2.83202 1.51058 0.638675 0.525085 0.761709 1.6867 -0.16002 1.51309 1.69679 0.675925
2.80261 1.35358 1.08627 0.497018 0.387568 1.90941 0.580351 -1.37182 2.09198 0.954058
3.00342 1.75275 1.22253 1.03056 0.910868 2.06098 1.52681 0.312549 2.14751 1.20964
4.253 2.77867 2.53587 2.17695 1.82826 3.82671 2.94861 1.7693 2.6253 1.50473
5.50694 4.06445 3.42495 3.1818 3.07331 4.54256 5.29626 4.24334 3.10317 1.88441
3.40742 2.17671 1.83468 1.50253 1.29944 2.96667 1.44225 0.246307 1.96242 0.773544
2.65816 1.60968 0.638109 0.400361 0.509844 1.60968 -0.0566454 -1.10352 1.48147 0.480425
0.71685 0.287868 -0.53244 -0.325674 -0.909449 1.54345 2.15411 -1.59833 0.785159 -1.35973
2.36421 1.55575 0.946832 0.687392 0.102593 2.38299 2.23627 1.07467 2.13492 1.03282
1.97949 0.431846 0.912274 0.440173 -0.366928 2.61646 0.849825 -0.887719 1.73036 0.843162
1.98561 0.502071 0.175254 0.12637 0.272778 1.63127 0.10757 -0.653625 1.21201 0.14474
3.46886 2.25775 1.9165 1.55535 1.50356 3.03032 1.09499 0.047648 2.29633 1.12863
3.49161 2.13293 1.73533 1.49795 1.19242 2.6897 1.03148 1.61076 2.59093 1.43107
3.67481 2.42274 2.00344 1.60543 1.56271 3.27588 1.75835 0.599954 2.46505 1.41867
3.36721 2.08587 1.5875 1.38676 0.48755 2.73085 0.656537 -0.806079 2.13799 1.0506
3.59155 2.41339 2.0042 1.6027 1.58518 3.26329 1.74504 0.508817 2.08883 0.944366
2.51026 1.51802 0.687571 0.465458 1.03141 2.18042 0.056004 -0.643838 1.48052 -0.139141
1.37509 0.177501 0.404162 -0.0642009 -0.326687 1.58148 -0.174539 -1.6691 0.540656 -0.115536
3.98516 2.5898 2.26745 1.87349 1.59888 3.26941 1.92499 0.727658 2.67347 1.53127
3.45979 2.09979 1.71872 1.24194 1.26238 2.52745 0.991303 -0.915267 2.37738 1.30364
2.50194 1.57491 0.533681 0.16136 0.868618 1.75351 -0.0502871 0.135515 1.68274 0.255395
3.09466 1.79998 0.898599 0.603836 1.08659 1.80204 0.199879 -1.11603 2.06649 0.940079
1.4994 -0.0150627 0.414598 -0.686094 -1.19827 1.69281 0.0288148 -1.2413 0.843891 -0.562022
2.25164 0.959624 0.420657 0.496957 0.539767 2.19727 0.353172 0.0389079 1.36308 -0.0181597
3.48757 3.2271 1.65995 1.25872 1.31113 2.46655 0.90804 -0.650542 2.20776 1.14398
2.05364 0.840892 0.524236 -0.0320894 0.155024 1.63817 -0.0883092 -0.859058 1.10182 -0.152179
3.63392 2.33423 2.06569 1.68236 1.40797 2.97006 1.35435 0.183668 2.23909 1.00466
3.7638 2.41797 2.01921 1.61905 1.74762 2.91395 1.37943 -0.0354551 2.54233 1.39125
2.36175 1.17442 0.556095 -0.607204 0.477237 1.58158 -0.0161447 -1.23228 1.36056 -0.270884
2.89784 1.62939 0.725235 0.568261 0.93398 1.84521 0.185959 -0.56362 1.59298 0.640947
2.48637 1.48372 0.453951 -0.00965761 0.119563 1.62219 0.085967 -1.4803 1.77334 0.538781
2.91798 1.89887 1.26136 0.832791 1.2515 2.38238 0.528488 -0.0419959 1.72866 0.122195
1.36747 0.18215 0.327905 -0.717266 0.432535 1.07729 0.139764 -1.50418 1.01745 -0.702168
3.23901 1.95501 1.24615 0.830899 1.259 2.12933 -0.326893 -1.02033 2.16372 0.946058
3.58771 2.30868 1.96916 1.63078 1.50396 2.99491 1.31415 0.36838 2.3161 1.17119
3.75724 2.4877 2.23574 1.87058 1.56372 3.47536 2.13724 1.00937 2.27794 0.972365
2.38165 1.19496 0.218581 0.0910812 0.343676 1.71342 0.0358478 0.219737 1.43096 -0.138586
3.82401 2.56488 2.15254 1.76683 1.64458 3.69136 2.62722 1.50433 2.10828 1.00492
1.71816 0.720488 0.6349 0.133392 0.249887 2.13537 0.205036 -1.7046 1.21867 0.157305
3.19696 1.96663 1.48518 1.14009 1.27903 2.5283 0.558275 -0.870315 2.12601 0.926631
2.97691 1.50441 1.06663 0.809462 0.537576 1.98536 0.211223 -0.972023 1.84913 0.533389
3.54835 2.38423 1.83887 1.51199 1.59726 3.34139 1.79174 0.436039 2.09546 0.584032
3.51398 2.32855 1.84472 1.52853 1.61899 2.89496 1.17983 -0.0635238 2.36101 1.19428
2.3483 0.978275 -0.185939 -0.182842 0.0880039 0.578485 -0.949082 -1.33864 1.14222 0.0565584
4.40109 2.97219 2.73438 2.32572 1.9974 3.83255 2.86961 1.71916 3.10194 1.96517
1.75162 0.415239 0.15743 -0.206534 -0.0688079 1.53205 0.835501 -0.41241 1.26803 0.0495312
3.72858 2.47191 2.10554 1.67321 1.32641 3.76017 2.77188 1.61408 1.78131 0.836207
3.49044 2.17797 1.91864 1.51157 1.37862 2.93419 1.12433 -0.191652 2.05951 0.78455
3.60011 2.16647 1.6281 1.2772 1.23883 2.21746 0.530796 -0.61173 2.55639 1.39616
3.63906 2.36351 1.97684 1.64788 1.5659 3.12909 1.38204 0.14277 2.38608 1.20642
2.52012 1.33598 1.15885 0.736105 0.86737 2.59298 0.6828 -0.250465 0.813132 -0.408099
3.22758 1.92185 1.63654 1.20981 0.720469 2.3271 0.648071 -0.534113 2.1149 0.898343
2.21805 0.658924 0.733576 0.225699 -0.14629 1.65822 0.329596 -0.59304 1.40115 0.158844
0.464868 -0.40663 -1.25239 -0.598924 -1.39901 1.70729 -0.52882 -1.60461 0.446835 -0.561402
1.16762 -0.133004 0.408129 0.508489 -0.830096 2.7119 0.981085 -1.22098 0.662035 -1.05887
2.81762 1.55499 1.07545 0.731808 0.892794 2.32473 0.707689 -0.53244 1.97391 0.854965
3.05753 1.81634 1.4657 1.05239 1.15313 2.74162 0.794241 -0.127622 1.99132 0.743245
2.51971 1.14629 0.817931 0.276905 0.287358 1.75131 0.432014 -1.04047 1.78806 0.757226
2.17724 0.987587 0.474303 0.0667952 0.234806 1.68015 -0.0629711 -0.656217 1.25715 0.0295002
3.1087 1.91755 1.49595 1.02798 1.16336 2.63436 0.622767 -0.768749 1.78567 0.561534
2.953 1.88221 1.43897 1.06637 1.05384 2.66687 0.500617 -0.904719 1.63171 0.352316
3.0551 1.91563 1.63225 1.18835 1.04262 2.92789 1.12818 0.100809 1.52784 0.578548
3.4158 2.09263 1.7964 1.31422 1.11823 2.94278 1.39575 0.439425 2.24467 1.19301
3.20493 2.01705 1.50972 1.17484 1.09283 2.67169 0.729295 -0.528276 1.82008 0.82734
2.12813 0.749056 -0.202106 -0.549301 -0.31368 0.803841 -1.01657 -1.94708 1.0578 0.118705
-1.09542 -0.208179 -0.906923 -1.55589 0.233502 1.43071 0.135846 -1.08607 -0.738179 -0.814108
3.89618 2.59813 2.25931 1.90737 1.81847 3.38057 1.83527 0.582252 2.58168 1.33466
3.0262 1.87121 1.40353 0.936197 1.03865 2.47464 0.381155 -0.493277 1.82022 0.40396
1.44717 0.444829 -0.149799 -0.560024 0.207132 1.10619 -0.038735 -0.929728 0.669122 -0.136312
3.30823 2.02462 1.25557 1.06477 1.33911 2.17308 0.529804 -0.552837 2.32201 1.2124
1.86824 0.546168 0.375733 0.511048 0.0886177 1.82551 -0.178111 -0.82657 1.01712 -1.32109
2.39545 1.10024 0.315745 -0.777049 0.159945 1.55891 0.200904 -1.08508 1.40207 0.0343294
3.22249 1.97364 1.5942 1.19073 1.39029 2.81202 0.962609 -0.212112 1.94058 0.815134
1.46366 0.191348 0.0391987 -0.275152 0.0858366 1.51822 0.279775 -0.797212 1.23126 0.365888
0.800884 -0.439134 -0.221929 -0.477134 -1.04419 2.11388 -0.0629077 -1.21277 1.18005 0.0917474
2.95723 1.68222 1.06713 0.489472 1.14934 1.83663 0.0572837 -0.510574 1.98632 0.723303
2.73971 1.64642 0.894073 0.411082 1.08265 2.21382 0.386539 -0.270587 1.43594 0.395266
3.00798 1.83166 1.52146 1.06799 1.33402 3.00376 1.52114 0.427141 1.27683 0.242801
0.563274 -0.131052 -0.797523 -0.894587 -1.19723 1.49585 -0.330313 -3.06705 0.244596 -1.07408
3.42246 1.92207 1.68578 0.966678 1.22844 2.39545 0.778697 -0.78378 2.29184 0.759339
3.63583 2.35789 1.86519 1.47699 1.55608 2.64716 0.743945 -0.492115 2.46334 1.30332
3.99844 2.52317 2.26937 1.99618 1.45343 2.90921 1.25672 -0.20005 3.14959 2.00389
4.44613 2.98507 2.48551 2.19646 1.90224 3.72793 3.75926 2.50208 3.4755 2.12746
1.88214 0.900998 -0.813542 0.115594 0.674558 0.97394 -0.393061 2.10067 0.357996 -0.306673
2.679 1.6514 1.31091 0.919094 0.655027 2.63653 1.31682 0.100801 0.80632 0.110551
2.17582 1.13297 0.310425 0.010045 0.36055 1.88826 -0.0768794 -1.76439 1.28175 0.253141
4.07463 2.73245 2.40961 1.96683 1.74427 3.80235 2.81404 1.55471 2.44847 1.23692
2.4152 1.13776 0.729132 0.434477 0.396106 2.03203 0.483021 -0.522168 1.78525 0.614526
3.50613 2.3449 2.17922 1.90863 1.59475 3.499 3.25968 2.19044 2.91712 1.82264
1.53841 0.197052 -0.58017 -2.13787 -0.485622 1.41123 -0.394336 -1.05688 0.783407 -0.75781
2.54769 1.22641 0.909409 0.709488 0.463123 1.98404 1.79099 0.141608 2.07268 1.18018
2.07694 0.810048 0.51551 0.0160543 -0.575446 1.73701 0.0851501 -0.25253 1.46887 -0.184053
3.24444 1.90288 1.41814 0.982211 1.18912 2.39246 0.901886 -0.196671 1.99666 0.677054
3.75426 2.4508 1.74074 1.38422 1.68179 2.61462 0.643203 -0.159173 2.73116 1.53724
2.96419 1.76805 1.41374 0.996603 0.82881 2.1969 1.05935 -0.419372 1.75646 0.699439
3.97137 2.76027 2.38198 1.93454 1.8731 3.28831 1.71795 0.957805 2.68945 1.49989
4.25176 2.64789 2.41936 1.9563 1.60669 3.1727 1.96211 0.91147 2.91461 1.93669
2.83082 1.42669 1.1073 0.589056 0.73182 2.01376 -0.151026 1.53889 1.93151 1.12677
3.70041 2.35142 2.10773 1.65617 1.32037 3.23286 1.24617 -0.416337 2.34242 1.28578
3.70193 2.2644 2.22575 1.85407 1.39077 3.43813 1.90207 0.814293 2.0888 1.00721
3.58535 2.22323 1.91282 1.66155 1.13227 3.15951 2.07502 0.550663 1.93405 0.542505
2.24135 0.91611 0.526639 0.0513928 0.967458 1.89733 0.770307 -0.225625 1.56853 -0.0913525
3.06672 1.88709 1.38532 1.31481 1.03441 2.49032 0.869712 -0.772253 1.67791 0.661954
3.50211 2.07764 2.02315 1.3556 1.11233 3.35124 2.13893 0.783712 1.93498 0.722582
2.33267 1.14516 0.855661 0.475114 0.201313 2.35568 1.90468 0.574321 1.67523 0.416595
3.16129 1.86877 1.62647 1.0595 0.67766 2.54755 0.70538 -0.720405 2.01552 0.556979
3.69944 2.34953 1.92305 1.6142 1.25016 2.79397 1.6214 2.08594 2.26499 1.28608
3.34392 1.90522 1.47449 0.972768 0.844286 2.21855 0.430079 0.312235 2.21715 0.957065
3.31735 2.11274 1.74851 1.33338 1.28721 2.9339 1.35779 0.466831 2.02791 0.704612
3.40604 2.18549 1.54077 1.29578 1.50372 2.91928 1.4806 0.308209 2.01598 0.78767
3.82857 2.12786 1.74048 1.3227 1.25528 2.41955 0.401501 -0.559466 2.73153 1.577
4.33841 2.84948 2.65914 2.4113 1.94551 3.83332 2.72114 1.21441 3.45589 2.08067
3.83924 2.5498 1.9251 1.62259 1.59961 2.74402 1.47823 1.30759 2.65457 1.55201
3.39713 2.10882 1.59099 1.15609 1.1796 2.55458 0.874198 -0.511795 2.312 1.24304
3.55583 2.15202 1.75519 1.53808 1.06739 2.84136 1.30084 0.419434 2.32386 1.2726
3.54647 2.21611 1.62173 1.04886 1.04356 2.08054 0.537282 -0.133891 2.41486 1.27338
3.62817 2.38702 1.95477 1.57428 1.72304 3.21181 1.87999 0.899399 2.25323 1.18568
3.97218 2.61392 2.39253 1.99511 1.83211 3.6478 2.27873 1.17483 2.42865 1.19465
4.12609 2.69166 2.4176 2.07999 1.60498 3.70087 2.88842 1.73679 2.30192 1.05064
2.23016 1.20611 0.64571 0.242317 0.39589 1.75469 -0.0780428 0.247312 1.08129 -0.162988
2.05886 0.809965 1.40567 -0.277524 0.289166 2.168 1.22388 -1.04232 1.83694 0.231727
2.75603 1.62838 0.99473 0.472377 0.80237 2.10133 0.38905 -0.455519 1.54142 0.475977
5.82065 4.2326 3.46291 3.16707 3.26879 4.66411 5.61784 4.48564 3.37454 2.20225
3.74755 2.40654 2.13641 1.66065 1.76948 3.15491 1.65821 0.648187 2.46664 1.41391
3.54318 2.28303 1.95633 1.73229 1.58123 3.14147 1.97988 0.960422 2.13818 0.903571
4.06752 2.68889 2.4248 2.02973 1.90788 3.69222 2.38428 1.31131 2.5164 1.41362
3.76286 2.53418 2.21348 1.65766 1.75902 3.33679 1.8723 0.655029 2.54069 1.28663
3.23051 2.12696 2.0578 1.60828 1.49849 3.26315 3.37261 2.0786 2.70216 2.03128
2.82168 1.57683 1.13018 1.15157 -0.0393101 2.34775 0.50436 -0.760301 2.0004 0.941689
3.79337 2.34567 2.17802 1.78041 1.26902 3.24981 2.18587 0.894611 2.29682 1.10933
2.68978 1.23105 0.346366 0.456711 0.339539 1.69811 -0.432184 -0.613916 1.35621 -0.300858
3.75388 2.41386 1.94006 1.62032 1.28666 2.42854 0.850792 -0.621539 3.03216 1.99174
3.64668 2.35654 2.04919 1.73907 1.4465 2.97335 1.23009 -0.51332 2.48909 1.25299
4.02114 2.62847 2.17781 1.82762 1.70727 3.17535 1.60136 0.613319 2.99085 1.77049
4.00245 2.60717 2.29323 1.90322 1.61093 3.46312 2.86782 1.116 2.62787 1.3966
3.50315 2.13963 1.84957 1.53046 1.21483 3.34748 2.30467 1.14764 1.68616 0.518351
3.58567 2.42762 1.75366 1.35544 1.67369 2.76401 0.638495 -0.464887 2.392 1.32316
3.98832 2.58906 2.36906 1.83049 1.7782 3.35017 1.78174 0.570605 2.73718 1.56502
4.20912 2.71011 2.43758 2.06611 1.58855 3.14162 1.78332 0.792768 2.98333 1.94188
2.8833 1.59566 1.04228 0.640613 0.306031 2.1936 0.275932 0.826531 1.97824 0.809306
3.72407 2.44314 2.11021 1.71697 1.69933 3.64608 1.50193 0.513909 2.35674 1.20605
2.45493 1.4003 0.77003 0.869618 1.09514 2.35098 1.60867 0.0948631 1.95543 0.898055
3.164 1.83247 1.48031 1.28994 1.00978 2.59606 0.711304 -0.641504 1.85293 0.697358
3.44182 2.11938 1.52466 1.11905 1.3571 2.49313 0.261476 -0.0608101 2.73271 1.59136
3.66077 2.40934 2.07157 1.73477 1.54496 3.28839 1.82497 0.682624 2.02309 0.872458
3.42571 2.10294 1.92774 1.52101 1.22957 3.18995 1.73171 0.811617 1.92639 0.511416
3.40181 1.96988 1.81721 1.28212 0.942491 3.25489 1.93825 0.722655 1.76512 0.828762
2.38098 1.44782 0.935123 0.733303 0.388863 3.02013 1.99181 0.687258 1.75945 0.290889
1.59895 0.718532 0.709106 -0.467462 0.862043 2.48186 0.989069 0.0810235 0.654162 -0.593727
3.73585 2.33294 2.0211 1.57911 1.66107 2.96521 1.47441 2.00608 2.36704 1.13405
3.18795 1.94108 1.65988 1.28058 1.40455 2.2197 0.449928 0.142298 1.8862 0.686073
1.59269 0.550009 0.761107 0.0787325 -0.221979 1.85118 0.320131 -0.576895 0.921843 -0.771654
3.69378 2.39511 1.67757 1.61414 1.50967 1.91479 0.440123 -0.428025 2.66228 1.58274
3.44072 1.84478 1.42099 0.957523 1.19109 2.13482 0.318706 -0.473176 2.25847 1.16867
3.17622 1.99751 1.68434 1.20374 1.01343 2.93573 1.19562 0.0771958 1.90131 1.08478
2.36238 1.46855 0.743211 0.377144 -0.520234 1.51851 0.640312 -0.676204 1.54721 0.322887
3.27736 1.93994 1.65344 1.19077 0.861159 2.47147 1.18379 -0.404966 2.01295 0.734701
2.47984 1.15879 0.481727 1.13453 0.873581 1.92174 0.409404 -0.091502 1.62456 0.468054
4.43803 2.96587 2.70851 2.38502 1.88432 3.88007 2.74395 1.02483 3.58275 2.23006
2.19255 0.757337 0.583216 -0.0695376 0.861065 1.98893 -0.200421 -0.502326 0.826089 -0.664223
3.76901 2.08393 1.54828 1.25031 1.12477 2.35102 0.51979 -1.20224 2.69968 1.57686
3.32361 2.09365 1.35863 0.810879 1.72634 1.90342 0.428304 -0.454749 2.30146 1.10141
3.8864 2.48852 2.09317 1.81742 1.54765 2.71882 1.29393 1.32514 2.69341 1.49902
3.40445 2.02264 1.51526 1.2584 1.184 2.45942 0.832269 -0.832231 2.40105 1.22968
3.41997 1.73672 1.91538 1.49445 -0.328124 2.72307 1.24196 -0.368149 2.12774 0.839193
3.57162 2.27728 1.9084 1.51968 1.38587 2.88796 1.58899 0.555568 2.26415 1.09043
2.31819 1.10206 0.888083 0.351793 0.960205 2.07256 0.467219 -0.0738345 1.33829 0.0252466
3.01553 1.68198 1.22982 0.869156 0.965143 1.81108 0.445238 -0.148246 1.87281 0.686272
3.60903 2.1895 1.68746 1.33493 1.31961 2.2072 0.335008 -1.02443 2.47248 1.1556
3.53393 2.274 1.96086 1.55088 1.3536 3.20529 1.61835 0.562848 2.23158 1.0525
3.18275 1.96166 1.25869 0.811626 1.09489 2.44218 0.324235 -0.845656 2.14095 0.873836
2.53953 1.29666 0.633876 0.212909 0.689645 1.67376 0.242097 -0.691375 1.53314 0.51539
3.9441 2.64247 2.33151 1.95618 2.05202 3.62772 2.26528 1.14961 2.38292 1.25114
4.07215 2.65754 2.3248 2.02906 1.64968 3.71951 2.81066 1.58696 2.3125 1.19987
1.12766 0.459242 0.549346 -0.0768444 -1.51076 2.39554 0.724048 -1.04006 1.64883 0.623337
1.36409 0.0354737 0.974213 0.563862 -0.366243 2.82802 0.6914 -0.704871 1.33599 0.55381
2.67299 1.30977 1.03615 0.963586 0.631567 2.70799 0.886266 -0.751273 1.7067 0.307384
2.73258 1.52474 0.937103 0.686997 0.0737185 1.74495 0.0414017 0.197308 1.50523 0.506369
2.10026 0.907613 1.39848 1.2853 0.507338 3.3235 0.844606 -1.18107 1.9094 0.46539
5.87072 4.2899 3.45433 3.19344 3.28611 4.73334 5.68212 4.54127 3.54447 2.27355
2.93849 1.68745 1.15066 0.259098 0.746149 2.11239 0.524089 -0.0222664 1.75365 0.448738
0.408753 -0.361895 -0.646666 -0.17742 -0.867732 1.62647 -0.25151 -1.30776 -0.560394 -1.19784
3.75886 2.42185 2.16355 1.72691 1.68001 3.08033 1.44785 0.376707 2.50445 1.40958
2.89722 1.57486 1.47946 1.10598 0.987057 3.04611 3.01762 1.75873 2.16959 1.16574
3.49984 2.29396 1.92852 1.37859 1.38231 3.18726 1.86541 0.688567 2.07395 1.17904
4.08706 2.71049 2.5109 2.15009 1.74925 3.59353 2.39471 1.16992 2.56866 1.43576
3.68754 2.52049 2.12329 1.82916 1.53547 3.13172 1.60628 0.130126 2.49364 1.1669
2.66042 1.39249 1.04007 0.940823 0.723914 2.26271 0.659327 -0.888695 2.01837 0.846711
3.80057 2.35577 2.12782 1.81038 1.33904 3.33622 2.19091 1.01646 2.2775 1.23754
2.50413 1.32855 0.561019 0.0394857 0.337126 1.72123 -0.263745 -0.822389 1.39687 0.178885
3.3076 2.09341 1.97651 1.67954 1.61769 3.39164 3.42156 2.25589 2.77495 2.00534
3.16247 1.96091 1.24375 0.857748 1.15753 2.94346 1.40864 0.210015 2.00534 1.1013
3.8165 2.35685 1.79205 1.42765 1.4609 2.44242 0.71397 -0.389828 2.80281 1.56334
3.90334 2.60724 2.22301 1.80016 1.66531 3.18164 2.30669 0.97302 2.60897 1.3739
3.65211 2.3779 2.13841 1.69342 1.55465 2.73859 1.17729 -0.0395343 2.47297 1.25289
2.66095 1.48071 0.588324 0.669599 0.255352 1.81261 0.596389 -0.0609013 1.78369 0.802829
3.80661 2.36339 1.97615 1.66911 1.38426 2.43373 0.683992 0.143881 3.09372 2.0406
4.0204 2.59379 2.18032 1.85415 1.71281 3.16632 1.53111 0.0580111 2.97571 1.77591
3.01122 1.73491 1.04002 0.308336 0.786283 1.72308 0.331062 -0.647735 1.842 0.597671
3.3679 2.05788 1.87203 1.39657 0.960373 3.27175 2.02704 0.832818 1.49733 0.330528
3.00614 1.6324 0.777736 0.315127 0.981649 1.13424 -0.651442 -0.181268 1.83503 0.645808
2.88851 1.65332 1.12127 0.856517 0.872023 2.12987 0.011842 1.40883 1.97602 0.646607
3.92254 2.58732 2.01197 1.71914 1.54206 3.19557 1.41142 0.120023 2.89746 1.69049
2.63384 0.733173 -0.222819 -0.210096 0.466004 1.38248 -0.62502 -0.722605 1.29921 -0.107967
2.55813 1.35946 0.685816 0.546557 0.745552 2.04069 0.108977 -0.404505 1.4511 0.508866
2.96715 1.83148 1.48995 0.900276 1.14155 2.61199 0.669823 -0.838396 1.69615 0.47122
2.85492 1.71543 1.30341 1.01338 0.892302 2.13853 0.116917 -0.54578 1.82565 0.746072
-0.0393865 -0.0332501 -0.876411 -0.714188 -0.511642 1.13732 -0.318567 -1.17989 0.708172 -0.368092
2.74098 1.31613 0.496656 0.384999 0.29927 1.88539 0.131218 -1.0628 1.62717 0.537603
4.06783 2.53047 2.06589 1.80596 1.46295 2.51822 0.953803 -0.809853 3.06376 1.82826
3.08187 1.7237 1.19238 0.872164 0.628421 1.98327 -0.0498189 -0.553984 2.11206 1.01917
1.75273 0.445404 0.0769133 0.132532 -0.374449 2.03595 0.299438 -0.820903 0.905456 -0.835927
3.64094 2.38089 1.65416 1.35565 1.5647 2.45229 1.80529 0.0169736 2.56736 1.32688
3.96917 2.64472 2.24406 2.00075 1.82758 3.17613 1.53292 0.268559 3.01014 1.94416
3.91208 2.57282 1.92629 1.63496 1.11071 2.77917 1.04241 -0.10196 2.97962 1.84041
3.0636 1.81452 1.39403 0.985545 0.99837 2.28557 -0.135467 -0.506471 1.98696 0.814917
3.48831 1.98303 1.79584 1.60387 1.05513 2.50508 0.790557 -0.64799 2.99124 1.9985
1.89519 0.586588 1.01706 -0.0109218 -0.44011 1.65606 -0.196834 -1.04551 1.41197 0.19959
4.84727 3.47344 2.92725 2.56889 2.58046 4.18563 4.64531 3.51801 2.24707 0.887703
2.5245 1.17734 1.18963 0.468316 0.129615 1.99619 0.817773 -0.790876 1.60255 0.345441
2.92425 1.33156 1.26362 1.12102 -0.0622828 2.45903 0.540477 -0.288677 2.7184 1.56442
3.2396 1.90879 1.5894 1.34793 1.21537 2.21633 0.709955 -0.186003 1.8539 0.802619
3.15303 1.74775 1.25154 1.17718 0.665084 2.27906 1.19533 -0.924768 2.63984 1.63015
5.87645 4.27649 3.62198 3.3512 3.25755 4.7989 5.55462 4.4527 3.16644 1.91867
3.19846 1.95095 1.50004 1.12019 1.21557 2.20149 0.959836 -0.302916 2.61874 1.55633
2.89382 1.60014 1.36874 1.04997 0.326742 2.31304 0.465213 0.386775 1.72385 0.238941
3.54053 2.02776 1.76805 1.55414 1.15296 2.52253 0.659199 -0.926351 2.17258 1.06981
2.40123 1.37522 0.444967 0.5789 0.456445 1.91283 0.438359 -0.0828592 1.0409 0.295413
3.58766 2.32146 1.98944 1.63276 1.39494 2.92094 0.898847 -0.178233 2.48181 1.24076
3.74298 2.37602 2.17619 1.75641 1.44443 2.97972 1.59494 0.529557 2.44627 1.25996
3.2647 2.01477 1.55175 1.21395 0.985088 2.49793 0.497023 -0.420487 2.01134 0.902528
2.98852 1.66865 1.08759 0.825032 1.1236 2.36838 0.0184773 -0.700066 1.93099 0.855633
3.2118 1.88143 0.986377 0.691469 1.13431 1.40977 0.196256 -1.40989 2.04949 0.909126
3.31478 1.76604 1.00903 1.00173 0.306023 1.56079 0.36937 -1.26958 2.66881 1.49857
2.94622 1.85912 1.006 0.588606 1.05341 1.81649 0.551545 2.71494 1.64717 0.900197
3.7813 2.25968 2.09187 1.79359 1.30279 2.9905 1.98097 0.874806 2.74075 1.6497
4.35394 2.92087 2.72681 2.39428 1.94694 4.03807 3.34097 2.16767 2.51285 1.34955
3.46788 2.28964 1.91648 1.64176 1.48286 3.22327 2.39242 1.17028 2.08083 0.705945
3.14541 1.92703 1.02928 0.429723 1.07002 2.06266 0.189188 -0.721707 1.99867 0.80781
2.41949 1.08983 0.762114 0.53086 0.428712 2.09901 1.05166 -0.12229 1.52391 0.590954
3.43423 2.12197 1.60649 1.2484 1.31001 2.08381 0.520028 -0.523007 2.23435 1.13185
3.17313 1.7907 1.67474 1.44223 0.912907 2.70529 1.24153 -0.0590958 2.39952 1.31453
2.40977 0.843838 0.822168 0.515855 -0.355595 1.68859 1.31956 0.0310389 1.88928 0.62228
2.7891 1.46976 0.685944 -0.29031 0.710757 1.70012 -0.102259 -0.653775 2.14086 0.939898
1.39973 0.506205 0.505372 0.188961 -0.439078 1.87348 1.93546 0.728293 1.60388 0.471445
3.35267 2.14324 1.80115 1.29053 1.2475 2.80816 0.959962 -0.266161 2.0487 0.891944
3.68128 2.35718 1.72292 1.42124 1.64911 2.5945 0.942449 -0.219874 2.55334 1.51189
2.31246 1.0466 0.762481 0.916047 0.450626 2.07906 2.23008 0.789398 1.91268 1.01446
2.16575 0.867135 0.0816442 -0.226239 0.325091 1.37477 -0.419094 -0.673043 1.08847 0.038071
1.48278 0.497481 0.283612 0.0443409 -0.0981139 2.14085 0.0160796 -0.447445 0.559264 -0.582814
3.01802 1.69802 1.47091 1.19187 1.06625 2.78999 1.06954 -0.197057 2.12157 1.04883
3.29681 1.99282 1.26775 0.983221 1.10275 1.77798 -0.0833981 -0.450355 2.15041 0.73955
0.077345 -2.13206 -0.903656 -1.65256 -0.997022 1.69397 0.182579 -1.36717 -0.899748 -0.984924
2.71133 1.52125 1.01561 0.414488 0.0815194 1.8488 0.353984 -0.448627 1.74528 0.773158
3.50238 2.34463 1.82302 1.35805 1.54315 3.02245 1.32499 0.34413 2.34994 1.27744
2.32182 0.750876 0.413774 0.513504 0.328824 1.42582 0.984886 -0.0754602 1.58832 0.387773
2.10387 1.19573 0.230419 -0.416399 0.0090399 0.850415 0.702327 -1.18057 0.916562 -0.183513
4.04938 2.57734 2.26098 2.01339 1.64841 3.38717 1.96958 0.816249 3.17498 1.92192
2.11817 0.0874247 0.838622 0.744807 0.359555 1.76725 1.4629 -0.433041 1.52269 0.286868
2.40932 1.2414 1.00259 0.848252 0.438694 2.49127 0.223263 -0.925167 1.42845 0.352101
3.05088 1.75097 0.993382 0.861489 0.81283 2.1614 0.503589 -0.786348 2.21663 1.03634
2.71076 1.69751 0.883271 0.768325 1.04428 2.31069 1.09933 -0.340473 1.97825 0.72932
3.7398 2.29206 2.13622 1.93396 1.18824 3.4388 2.54786 1.29314 2.00786 0.917933
4.10572 2.78238 2.4217 2.17808 1.88481 3.45976 2.04808 0.70346 3.10746 1.85269
3.19024 1.90394 1.11037 0.788283 1.38037 2.00281 0.594283 -0.208534 2.04357 0.949439
4.19037 2.93797 2.44449 2.14532 2.06658 3.70181 2.61126 1.60674 2.9324 1.92673
3.03058 1.60638 1.41099 1.04992 0.674894 2.68017 0.932559 0.109289 2.0014 0.679116
3.27699 1.92166 1.45621 0.883534 1.20734 2.63665 0.612856 -0.402535 2.11626 1.13801
3.56707 2.15249 1.26334 1.10276 1.32025 1.54855 0.147398 -0.554947 2.44653 1.36458
3.01128 2.2043 1.32446 1.23531 1.46844 1.65804 2.2298 0.791383 2.45878 2.05185
3.60979 2.25244 1.69962 1.5709 1.31014 2.83169 1.19573 -0.298664 2.86795 1.6859
3.97948 2.65131 2.26529 2.03002 1.88633 2.97627 1.40883 0.358064 2.83334 1.7064
3.51328 2.26863 1.8564 1.4438 1.21895 2.99943 4.3521 0.299643 2.14804 0.754486
4.29842 2.73138 2.4228 2.1522 1.58908 3.19613 1.94108 0.656532 3.40291 2.22114
0.673691 0.611713 -0.201778 0.046407 -0.301407 2.02775 0.803054 0.361103 0.327335 0.760983
3.41446 2.20709 1.66624 1.61905 1.28682 3.23309 2.14124 1.04896 1.91011 0.843351
3.51578 1.99466 1.37764 1.0144 0.808227 1.83421 -0.0714266 -0.0560238 2.31709 1.06111
2.41585 1.50127 0.505798 0.864178 0.110463 2.26341 2.77275 1.47589 2.01215 0.839285
3.44483 2.09573 1.82123 1.61473 1.27565 3.25346 1.94402 0.464526 1.92779 0.917617
3.09595 1.70061 1.35618 1.16622 1.33482 2.52455 0.391202 1.73766 2.24192 1.12463
2.3189 0.856088 0.638568 0.517241 0.130609 1.96482 2.20262 0.852054 1.73164 0.979265
3.52912 2.17496 1.8918 1.35783 1.21778 3.04788 1.1691 0.103374 2.22912 1.15379
2.47107 1.37758 -0.101944 -0.0479132 0.463902 1.12694 0.144023 -1.04533 1.18561 -0.0453832
3.66669 2.28713 2.06943 1.74883 1.45952 3.42375 2.07087 0.892307 2.02756 0.941655
3.4915 2.15342 1.65179 1.34964 1.43006 2.44512 0.665604 -0.696125 2.31082 1.16054
3.08362 1.72731 1.47556 1.09671 1.0367 2.27641 0.337544 -0.647236 1.88619 0.49247
4.22876 2.80299 2.61935 2.47779 1.834 3.02759 4.15911 3.01566 4.33028 3.25086
2.38598 1.18774 0.858327 0.429011 0.0932155 2.69308 1.46775 0.463708 1.08593 -0.391638
2.52548 1.19152 0.575315 -0.0591616 -0.601725 1.7718 -0.454481 -1.39662 1.69738 0.443171
4.15009 2.76677 2.44316 2.00144 1.87994 3.66216 2.37864 0.897588 2.79129 1.68273
3.93113 2.24242 2.17875 2.48635 1.23736 3.57065 1.91656 0.69876 3.18128 1.88485
3.88137 2.55412 2.15994 1.74269 1.58463 3.20021 1.67628 0.851497 2.67245 1.52947
3.66946 2.62502 1.83194 1.54678 1.45368 2.01616 3.14988 1.95138 3.01222 2.34631
0.945393 -0.0770205 -0.0174734 0.972319 0.637559 2.19663 0.311499 -1.42263 0.698343 -1.12945
3.77261 2.50528 2.27544 1.9117 1.33845 3.09204 1.34868 0.22649 2.65607 1.40155
2.86095 1.62805 1.03735 0.828437 0.795934 1.79563 0.145222 -1.03888 1.89742 0.770805
4.23712 2.53348 2.43336 2.45241 1.29474 3.29801 2.16097 0.654737 3.72858 2.5691
4.22181 2.73371 2.61344 2.20297 1.67384 3.62824 2.77527 1.58052 2.76059 1.59728
3.99269 2.61632 2.54674 2.15554 1.49994 3.57785 3.2237 2.07788 2.01514 0.820234
2.86965 1.7103 1.61148 1.31258 0.885497 2.96094 2.82748 2.13839 2.62482 1.6202
2.77822 1.5691 0.999498 0.633007 0.543726 1.64966 -0.136081 -1.05485 1.83743 0.617304
2.85097 1.62997 1.184 0.481275 0.973447 2.29494 1.11698 1.13292 1.6128 0.00641099
2.6194 1.07109 1.05268 0.627755 -0.293028 2.37697 2.68308 0.767682 2.33386 1.45969
1.17006 -0.415518 0.66302 -0.138836 -0.5922 2.04475 0.514618 -1.17277 1.11911 -0.085406
3.24233 2.00515 2.53413 1.53859 0.928364 3.53562 3.82388 2.45534 3.18522 2.04004
3.49254 2.20064 1.44047 1.05662 1.26702 1.88362 0.389452 -0.335182 2.45284 1.3042
4.15355 2.65001 2.5128 2.34815 1.84268 3.43417 2.41524 1.00798 3.06488 1.78134
3.95876 2.46733 2.01016 1.72759 1.41379 3.11727 1.50088 0.312954 2.96993 1.71313
3.29994 1.94151 1.59404 1.37577 0.580078 2.39916 0.666003 -0.594432 2.14091 0.892862
1.21027 0.164256 0.150858 -0.55171 0.0126606 1.64767 0.157105 -0.717137 0.515941 -1.21597
2.67576 1.28747 0.901286 0.0550315 0.455355 1.70967 0.285804 0.718997 1.60708 0.519697
3.14284 1.8202 0.79077 0.548377 1.11982 1.73416 -0.00492352 -1.23139 1.8942 0.700127
2.82865 1.78016 1.01989 0.696796 0.526453 1.8361 0.638377 -0.587499 1.85792 0.349236
3.06642 2.04208 1.61575 1.15293 1.03918 2.43126 2.19391 1.01836 2.34506 1.74768
4.3799 2.90709 2.67751 2.3926 1.91235 3.57548 2.54827 1.11619 3.12675 2.12772
3.93186 2.65121 1.99515 1.73675 1.90365 3.52391 2.41693 1.37668 2.34082 1.18564
4.0937 2.62737 1.3571 1.56965 1.27305 2.42165 2.46577 0.974793 2.98523 2.37276
4.10361 2.77754 2.29828 1.99349 1.89231 3.35543 2.06841 0.842684 3.22787 2.1504
3.55862 2.36587 1.93792 1.60968 1.42592 3.44551 2.45531 1.20852 1.69123 0.520216
4.21343 2.62963 2.48466 2.21874 1.74443 3.15272 1.52137 0.650283 3.50064 2.3347
3.64604 2.27117 1.68483 1.21729 1.46669 2.11635 0.234918 -0.274065 2.54051 1.29154
1.63261 0.537952 0.515309 0.177545 0.18622 2.14589 0.284485 -1.07398 1.35318 0.0959372
3.86707 2.51204 2.03117 1.70326 1.4264 2.77733 1.04408 -0.405714 2.74489 1.59578
3.10773 1.4458 1.23175 0.874544 -0.0372491 2.07145 -0.195641 -0.719837 2.33494 1.0225
2.4163 1.34259 0.81923 0.221542 0.0585904 2.05028 0.054488 -0.274765 1.03319 0.306275
2.64564 1.52601 1.10927 0.782086 0.846415 2.24956 1.34373 0.0209931 2.12736 1.22799
4.18195 2.82549 2.35808 2.00253 1.99517 3.87986 2.80197 1.63711 2.72924 1.69638
3.8144 2.42597 1.92533 1.66529 1.63541 2.48044 0.974664 -0.621694 2.93576 1.81713
2.91948 1.92715 1.58385 0.786315 1.35922 2.47673 0.526467 -0.276388 1.93356 0.731646
3.80163 2.44971 1.80938 1.50649 1.57965 2.36984 0.95879 -0.828206 2.83445 1.71007
2.87247 1.40136 1.1296 0.812636 0.0820572 2.3205 0.719189 0.0528466 1.47724 0.0814948
2.4394 1.18913 1.12984 0.928468 -0.00609727 2.3308 2.52825 1.42683 1.97798 0.908812
1.58762 0.633734 0.929639 0.535958 -0.227529 2.48706 0.627895 -0.840476 1.82611 0.333887
2.63852 1.28525 1.6509 0.817333 0.202848 3.04082 0.940595 -0.0805546 1.98902 0.765806
3.62747 2.223 1.99645 1.55408 1.24144 2.79785 1.26122 0.677345 2.59038 1.33261
2.68268 1.51822 1.04077 0.638448 0.93216 1.68479 1.06973 0.689576 2.05296 0.920377
